0,1,1332,418,172,366,0.000000,-1,-1,-1
0,2,586,445,86,260,0.000000,-1,-1,-1
0,3,454,441,97,281,0.000000,-1,-1,-1
0,4,1014,428,45,121,0.000000,-1,-1,-1
0,5,1099,438,37,110,0.000000,-1,-1,-1
0,6,1255,444,36,104,0.000000,-1,-1,-1
0,7,1443,427,156,336,0.000000,-1,-1,-1
0,8,932,434,40,121,0.000000,-1,-1,-1
0,9,548,463,32,92,0.000000,-1,-1,-1
0,10,1054,483,37,111,0.000000,-1,-1,-1
0,11,1086,483,32,112,0.000000,-1,-1,-1
0,12,640,456,61,189,0.000000,-1,-1,-1
0,13,577,429,18,45,0.000000,-1,-1,-1
0,14,590,423,20,49,0.000000,-1,-1,-1
0,15,973,449,36,102,0.000000,-1,-1,-1
0,16,584,422,19,51,0.000000,-1,-1,-1
1,1,1340,419,175,361,0.998968,-1,-1,-1
1,2,587,446,87,259,0.998845,-1,-1,-1
1,3,455,441,96,281,0.997935,-1,-1,-1
1,4,1014,428,45,122,0.996200,-1,-1,-1
1,5,1099,438,37,110,0.995796,-1,-1,-1
1,6,1255,444,36,102,0.995184,-1,-1,-1
1,7,1439,427,162,336,0.993182,-1,-1,-1
1,8,932,434,41,123,0.986453,-1,-1,-1
1,9,549,462,32,94,0.981951,-1,-1,-1
1,10,1054,481,37,109,0.980105,-1,-1,-1
1,11,1087,481,32,113,0.984105,-1,-1,-1
1,12,639,456,61,190,0.971451,-1,-1,-1
1,13,577,433,17,40,0.927798,-1,-1,-1
1,14,592,426,18,46,0.885884,-1,-1,-1
1,15,973,449,37,104,0.915060,-1,-1,-1
1,16,584,425,18,48,0.549176,-1,-1,-1
2,1,1340,424,177,363,0.999057,-1,-1,-1
2,2,587,446,85,259,0.998766,-1,-1,-1
2,3,452,441,100,283,0.997952,-1,-1,-1
2,4,1014,427,45,123,0.995975,-1,-1,-1
2,5,1100,437,37,108,0.995116,-1,-1,-1
2,6,1255,444,36,103,0.993349,-1,-1,-1
2,7,1447,425,154,340,0.994816,-1,-1,-1
2,8,931,434,42,127,0.985880,-1,-1,-1
2,9,549,464,31,92,0.983901,-1,-1,-1
2,10,1052,483,37,109,0.987062,-1,-1,-1
2,11,1089,482,31,112,0.986190,-1,-1,-1
2,12,639,457,62,191,0.973540,-1,-1,-1
2,13,578,430,17,40,0.874855,-1,-1,-1
2,14,592,425,18,45,0.843761,-1,-1,-1
2,15,974,449,36,102,0.941574,-1,-1,-1
2,16,320,409,257,398,0.249176,-1,-1,-1
3,1,1348,410,180,379,0.999128,-1,-1,-1
3,2,587,446,85,258,0.998689,-1,-1,-1
3,3,452,440,101,284,0.998098,-1,-1,-1
3,4,1014,427,45,122,0.995081,-1,-1,-1
3,5,1100,438,37,109,0.994669,-1,-1,-1
3,6,1255,444,35,103,0.995266,-1,-1,-1
3,7,1452,427,150,341,0.995430,-1,-1,-1
3,8,932,433,42,126,0.983704,-1,-1,-1
3,9,549,464,31,93,0.976978,-1,-1,-1
3,10,1052,482,37,109,0.986026,-1,-1,-1
3,11,1088,483,31,111,0.985465,-1,-1,-1
3,12,639,453,62,191,0.971709,-1,-1,-1
3,13,578,430,18,39,0.793981,-1,-1,-1
3,14,593,427,19,45,0.815960,-1,-1,-1
3,15,976,448,34,104,0.925355,-1,-1,-1
4,1,1353,408,181,384,0.999308,-1,-1,-1
4,2,587,444,85,261,0.998307,-1,-1,-1
4,3,454,441,104,285,0.998244,-1,-1,-1
4,4,1014,427,45,122,0.994965,-1,-1,-1
4,5,1100,438,37,109,0.995035,-1,-1,-1
4,6,1256,445,35,101,0.994280,-1,-1,-1
4,7,1469,423,139,342,0.986928,-1,-1,-1
4,8,932,434,41,119,0.980779,-1,-1,-1
4,9,549,466,31,92,0.967343,-1,-1,-1
4,10,1052,482,37,109,0.983043,-1,-1,-1
4,11,1089,483,31,110,0.988566,-1,-1,-1
4,12,640,453,62,193,0.972230,-1,-1,-1
4,13,579,430,18,40,0.493981,-1,-1,-1
4,14,591,425,20,42,0.637945,-1,-1,-1
4,15,977,449,33,96,0.918170,-1,-1,-1
5,1,1366,411,170,377,0.999245,-1,-1,-1
5,2,587,444,84,260,0.998414,-1,-1,-1
5,3,452,439,109,287,0.998614,-1,-1,-1
5,4,1014,427,44,122,0.995116,-1,-1,-1
5,5,1100,438,37,109,0.994630,-1,-1,-1
5,6,1256,445,34,101,0.996067,-1,-1,-1
5,7,1471,428,137,339,0.993145,-1,-1,-1
5,8,931,434,42,114,0.987927,-1,-1,-1
5,9,549,463,31,94,0.959304,-1,-1,-1
5,10,1054,484,36,109,0.987109,-1,-1,-1
5,11,1089,484,31,110,0.985971,-1,-1,-1
5,12,639,458,63,188,0.961470,-1,-1,-1
5,13,579,429,18,40,0.671352,-1,-1,-1
5,14,593,425,19,41,0.820213,-1,-1,-1
5,15,977,448,33,94,0.901348,-1,-1,-1
6,1,1374,408,165,385,0.999179,-1,-1,-1
6,2,586,444,86,261,0.998567,-1,-1,-1
6,3,449,439,114,287,0.998849,-1,-1,-1
6,4,1013,426,46,126,0.995264,-1,-1,-1
6,5,1099,438,37,110,0.995051,-1,-1,-1
6,6,1255,445,35,102,0.995935,-1,-1,-1
6,7,1476,427,136,348,0.993095,-1,-1,-1
6,8,931,433,42,117,0.989411,-1,-1,-1
6,9,549,460,31,96,0.950180,-1,-1,-1
6,10,1052,483,37,109,0.985863,-1,-1,-1
6,11,1089,483,31,111,0.981785,-1,-1,-1
6,12,640,453,62,193,0.972936,-1,-1,-1
6,13,579,429,18,40,0.671352,-1,-1,-1
6,14,593,425,19,41,0.820213,-1,-1,-1
6,15,977,448,33,94,0.901348,-1,-1,-1
7,1,1384,405,153,387,0.998851,-1,-1,-1
7,2,586,443,87,263,0.998577,-1,-1,-1
7,3,446,441,116,285,0.998973,-1,-1,-1
7,4,1013,428,45,121,0.995810,-1,-1,-1
7,5,1099,438,37,109,0.995276,-1,-1,-1
7,6,1255,446,35,101,0.996655,-1,-1,-1
7,7,1479,426,129,349,0.995126,-1,-1,-1
7,8,931,433,41,114,0.991178,-1,-1,-1
7,9,549,459,31,97,0.950180,-1,-1,-1
7,10,1053,483,36,109,0.985953,-1,-1,-1
7,11,1087,483,32,111,0.989662,-1,-1,-1
7,12,638,457,63,193,0.977140,-1,-1,-1
7,13,592,422,20,47,0.917202,-1,-1,-1
7,14,594,425,19,41,0.820213,-1,-1,-1
7,15,977,448,33,93,0.901348,-1,-1,-1
8,1,1403,404,140,391,0.999017,-1,-1,-1
8,2,585,442,87,264,0.998484,-1,-1,-1
8,3,449,441,114,285,0.998859,-1,-1,-1
8,4,1012,426,45,125,0.995116,-1,-1,-1
8,5,1101,437,37,109,0.995245,-1,-1,-1
8,6,1255,445,35,102,0.996858,-1,-1,-1
8,7,1501,419,122,348,0.996384,-1,-1,-1
8,8,930,433,42,114,0.986789,-1,-1,-1
8,9,549,462,31,95,0.917801,-1,-1,-1
8,10,1053,482,36,111,0.991220,-1,-1,-1
8,11,1087,483,33,111,0.990668,-1,-1,-1
8,12,638,458,64,191,0.966682,-1,-1,-1
8,13,576,428,17,43,0.915706,-1,-1,-1
8,14,593,423,18,44,0.936291,-1,-1,-1
8,15,977,449,36,100,0.508939,-1,-1,-1
8,17,1369,432,52,129,0.000000,-1,-1,-1
9,1,1414,401,131,397,0.999168,-1,-1,-1
9,2,585,443,88,264,0.998688,-1,-1,-1
9,3,450,441,113,285,0.998814,-1,-1,-1
9,4,1015,427,44,124,0.994061,-1,-1,-1
9,5,1101,437,36,108,0.994319,-1,-1,-1
9,6,1255,445,35,101,0.996604,-1,-1,-1
9,7,1522,423,114,349,0.997676,-1,-1,-1
9,8,931,433,42,117,0.989304,-1,-1,-1
9,9,549,462,30,94,0.926519,-1,-1,-1
9,10,1053,484,38,111,0.990107,-1,-1,-1
9,11,1087,482,34,113,0.991058,-1,-1,-1
9,12,638,458,63,191,0.977067,-1,-1,-1
9,13,576,429,16,39,0.948920,-1,-1,-1
9,14,593,423,17,42,0.958405,-1,-1,-1
9,15,975,450,38,99,0.738863,-1,-1,-1
9,17,1374,434,48,125,0.986701,-1,-1,-1
10,1,1429,407,131,387,0.998920,-1,-1,-1
10,2,585,443,88,264,0.998775,-1,-1,-1
10,3,448,441,116,285,0.998838,-1,-1,-1
10,4,1014,427,45,124,0.994405,-1,-1,-1
10,5,1100,439,37,108,0.993532,-1,-1,-1
10,6,1254,445,36,101,0.996431,-1,-1,-1
10,7,1529,424,106,346,0.996962,-1,-1,-1
10,8,931,434,42,117,0.990128,-1,-1,-1
10,9,549,464,30,93,0.947902,-1,-1,-1
10,10,1053,483,37,111,0.990937,-1,-1,-1
10,11,1087,482,34,113,0.991667,-1,-1,-1
10,12,640,456,63,193,0.974338,-1,-1,-1
10,13,576,429,16,39,0.948920,-1,-1,-1
10,14,593,423,18,42,0.957975,-1,-1,-1
10,15,975,451,38,99,0.738863,-1,-1,-1
10,17,1378,435,48,123,0.989405,-1,-1,-1
10,18,419,458,34,86,0.000000,-1,-1,-1
11,1,1436,410,129,384,0.998907,-1,-1,-1
11,2,586,443,88,263,0.998839,-1,-1,-1
11,3,446,440,119,287,0.998849,-1,-1,-1
11,4,1015,430,42,119,0.994008,-1,-1,-1
11,5,1099,439,37,109,0.992864,-1,-1,-1
11,6,1254,445,36,101,0.996303,-1,-1,-1
11,7,1534,426,104,346,0.996067,-1,-1,-1
11,8,930,434,42,115,0.989202,-1,-1,-1
11,9,550,465,29,91,0.917722,-1,-1,-1
11,10,1053,483,37,111,0.988556,-1,-1,-1
11,11,1088,482,32,113,0.988271,-1,-1,-1
11,12,644,456,64,193,0.950484,-1,-1,-1
11,13,576,428,17,44,0.888797,-1,-1,-1
11,14,593,423,18,42,0.941344,-1,-1,-1
11,15,976,451,38,98,0.689680,-1,-1,-1
11,17,1379,436,52,123,0.988582,-1,-1,-1
11,18,419,460,35,86,0.959632,-1,-1,-1
12,1,1440,412,129,383,0.998429,-1,-1,-1
12,2,586,444,89,263,0.998934,-1,-1,-1
12,3,449,439,116,289,0.998770,-1,-1,-1
12,4,1017,430,41,118,0.991054,-1,-1,-1
12,5,1099,438,37,109,0.991958,-1,-1,-1
12,6,1254,446,36,100,0.995417,-1,-1,-1
12,7,1532,427,125,352,0.996797,-1,-1,-1
12,8,929,433,44,119,0.986018,-1,-1,-1
12,9,549,465,30,90,0.932106,-1,-1,-1
12,10,1053,482,37,111,0.991034,-1,-1,-1
12,11,1087,483,33,111,0.991902,-1,-1,-1
12,12,644,458,61,190,0.930063,-1,-1,-1
12,13,576,428,17,47,0.588797,-1,-1,-1
12,14,593,424,18,40,0.944191,-1,-1,-1
12,15,976,451,39,99,0.761046,-1,-1,-1
12,17,1380,432,52,126,0.955524,-1,-1,-1
12,18,419,460,34,82,0.976287,-1,-1,-1
13,1,1445,412,145,386,0.998670,-1,-1,-1
13,2,587,444,89,262,0.998914,-1,-1,-1
13,3,448,439,117,290,0.998906,-1,-1,-1
13,4,1016,430,41,120,0.992562,-1,-1,-1
13,5,1099,438,37,110,0.993864,-1,-1,-1
13,6,1254,446,35,100,0.995323,-1,-1,-1
13,7,1542,422,138,361,0.998175,-1,-1,-1
13,8,930,433,42,116,0.987089,-1,-1,-1
13,9,550,463,30,94,0.910339,-1,-1,-1
13,10,1052,482,37,109,0.988842,-1,-1,-1
13,11,1085,482,36,114,0.992599,-1,-1,-1
13,12,644,457,61,191,0.921122,-1,-1,-1
13,14,593,424,18,40,0.942319,-1,-1,-1
13,15,977,450,37,96,0.823138,-1,-1,-1
13,17,1382,432,54,128,0.959053,-1,-1,-1
13,18,419,459,34,84,0.977460,-1,-1,-1
14,1,1446,414,159,388,0.998498,-1,-1,-1
14,2,587,443,89,263,0.998985,-1,-1,-1
14,3,451,439,116,291,0.998794,-1,-1,-1
14,4,1017,433,41,120,0.993082,-1,-1,-1
14,5,1100,438,36,109,0.994560,-1,-1,-1
14,6,1255,446,35,100,0.997069,-1,-1,-1
14,7,1551,418,159,368,0.998032,-1,-1,-1
14,8,930,433,42,114,0.986109,-1,-1,-1
14,9,550,462,30,95,0.921764,-1,-1,-1
14,10,1053,482,36,109,0.987166,-1,-1,-1
14,11,1088,486,33,110,0.986928,-1,-1,-1
14,12,650,456,58,189,0.830088,-1,-1,-1
14,14,593,425,18,40,0.938949,-1,-1,-1
14,15,983,451,33,93,0.836909,-1,-1,-1
14,17,1392,431,51,127,0.970607,-1,-1,-1
14,18,420,460,34,82,0.975693,-1,-1,-1
15,1,1447,416,168,388,0.998005,-1,-1,-1
15,2,586,442,90,263,0.999087,-1,-1,-1
15,3,452,440,115,292,0.998817,-1,-1,-1
15,4,1017,435,40,120,0.994646,-1,-1,-1
15,5,1100,438,36,109,0.995557,-1,-1,-1
15,6,1255,446,35,100,0.996325,-1,-1,-1
15,7,1556,416,173,373,0.997294,-1,-1,-1
15,8,930,433,42,113,0.989298,-1,-1,-1
15,9,549,462,31,95,0.884119,-1,-1,-1
15,10,1053,482,35,108,0.987432,-1,-1,-1
15,11,1089,488,31,106,0.988476,-1,-1,-1
15,12,654,455,56,187,0.820057,-1,-1,-1
15,13,576,428,18,43,0.884290,-1,-1,-1
15,14,593,425,18,41,0.940244,-1,-1,-1
15,15,982,452,35,92,0.858644,-1,-1,-1
15,17,1395,430,50,127,0.961868,-1,-1,-1
15,18,419,460,34,78,0.971453,-1,-1,-1
16,1,1455,402,200,402,0.997657,-1,-1,-1
16,2,588,443,88,262,0.999015,-1,-1,-1
16,3,453,439,115,290,0.998813,-1,-1,-1
16,4,1017,433,41,119,0.994102,-1,-1,-1
16,5,1102,436,37,106,0.991449,-1,-1,-1
16,6,1255,447,35,99,0.996594,-1,-1,-1
16,7,1536,415,197,388,0.998127,-1,-1,-1
16,8,930,434,40,109,0.988757,-1,-1,-1
16,9,548,462,31,96,0.821739,-1,-1,-1
16,10,1055,483,33,108,0.982863,-1,-1,-1
16,11,1087,482,33,114,0.982516,-1,-1,-1
16,12,650,454,60,190,0.896531,-1,-1,-1
16,13,575,428,19,43,0.902847,-1,-1,-1
16,14,593,425,17,40,0.949648,-1,-1,-1
16,15,981,451,35,97,0.903322,-1,-1,-1
16,17,1398,429,46,128,0.965748,-1,-1,-1
16,18,418,461,34,81,0.971091,-1,-1,-1
17,1,1453,407,179,386,0.997358,-1,-1,-1
17,2,587,442,93,265,0.998968,-1,-1,-1
17,3,455,441,111,292,0.998877,-1,-1,-1
17,4,1016,432,41,122,0.993017,-1,-1,-1
17,5,1099,439,35,108,0.987938,-1,-1,-1
17,6,1254,445,35,101,0.996090,-1,-1,-1
17,7,1584,438,165,360,0.998280,-1,-1,-1
17,8,929,433,41,115,0.988231,-1,-1,-1
17,9,550,462,31,94,0.654982,-1,-1,-1
17,10,1054,483,36,111,0.981764,-1,-1,-1
17,11,1087,484,32,111,0.985232,-1,-1,-1
17,12,633,458,72,198,0.878056,-1,-1,-1
17,13,575,428,19,44,0.602847,-1,-1,-1
17,14,593,425,17,39,0.929583,-1,-1,-1
17,15,982,453,35,95,0.912518,-1,-1,-1
17,17,1399,429,46,128,0.938106,-1,-1,-1
17,18,417,459,35,81,0.979654,-1,-1,-1
18,1,1452,415,189,383,0.996790,-1,-1,-1
18,2,586,442,95,264,0.998852,-1,-1,-1
18,3,456,439,114,292,0.998775,-1,-1,-1
18,4,1017,434,40,120,0.991241,-1,-1,-1
18,5,1099,438,36,106,0.989202,-1,-1,-1
18,6,1255,445,34,101,0.995833,-1,-1,-1
18,7,1580,431,161,380,0.997801,-1,-1,-1
18,8,929,433,41,113,0.989163,-1,-1,-1
18,9,551,463,28,91,0.354982,-1,-1,-1
18,10,1053,485,38,109,0.984286,-1,-1,-1
18,11,1085,480,36,115,0.985220,-1,-1,-1
18,12,636,456,71,197,0.879662,-1,-1,-1
18,14,593,424,17,39,0.913359,-1,-1,-1
18,15,983,454,35,95,0.847883,-1,-1,-1
18,17,1400,430,46,126,0.934817,-1,-1,-1
18,18,418,459,36,87,0.979128,-1,-1,-1
19,1,1467,405,221,412,0.997356,-1,-1,-1
19,2,589,444,94,266,0.999000,-1,-1,-1
19,3,455,439,112,291,0.998982,-1,-1,-1
19,4,1018,433,40,118,0.988238,-1,-1,-1
19,5,1098,439,38,109,0.986653,-1,-1,-1
19,6,1254,444,35,101,0.995088,-1,-1,-1
19,7,1581,423,157,386,0.996158,-1,-1,-1
19,8,928,433,41,113,0.988353,-1,-1,-1
19,10,1055,483,34,108,0.988330,-1,-1,-1
19,11,1085,481,34,114,0.990925,-1,-1,-1
19,12,639,459,72,196,0.788920,-1,-1,-1
19,14,592,422,18,44,0.941811,-1,-1,-1
19,15,985,448,33,96,0.743853,-1,-1,-1
19,17,1409,442,41,116,0.927101,-1,-1,-1
19,18,417,460,37,89,0.984839,-1,-1,-1
20,1,1461,408,219,404,0.997389,-1,-1,-1
20,2,587,447,103,267,0.998415,-1,-1,-1
20,3,455,440,113,290,0.999097,-1,-1,-1
20,4,1018,433,42,116,0.987120,-1,-1,-1
20,5,1100,438,36,105,0.986119,-1,-1,-1
20,6,1247,444,42,100,0.996130,-1,-1,-1
20,7,1571,432,195,372,0.988222,-1,-1,-1
20,8,929,433,40,108,0.987487,-1,-1,-1
20,10,1052,482,37,110,0.986252,-1,-1,-1
20,11,1086,481,35,113,0.990431,-1,-1,-1
20,12,607,440,102,253,0.664030,-1,-1,-1
20,14,594,424,16,41,0.940972,-1,-1,-1
20,15,985,449,31,94,0.589728,-1,-1,-1
20,17,1412,436,44,120,0.923028,-1,-1,-1
20,18,416,460,39,92,0.978645,-1,-1,-1
21,1,1469,409,238,411,0.998170,-1,-1,-1
21,2,589,451,102,261,0.998036,-1,-1,-1
21,3,456,440,114,291,0.999049,-1,-1,-1
21,4,1018,433,42,121,0.992485,-1,-1,-1
21,5,1099,436,37,110,0.989292,-1,-1,-1
21,6,1257,444,32,102,0.995251,-1,-1,-1
21,7,1612,424,143,376,0.993728,-1,-1,-1
21,8,929,434,41,112,0.988544,-1,-1,-1
21,10,1053,484,35,109,0.986678,-1,-1,-1
21,11,1087,481,34,114,0.990725,-1,-1,-1
21,12,664,463,46,160,0.698833,-1,-1,-1
21,14,594,424,17,42,0.896087,-1,-1,-1
21,15,975,451,28,93,0.669836,-1,-1,-1
21,17,1413,435,49,121,0.937502,-1,-1,-1
21,18,415,463,40,91,0.962736,-1,-1,-1
21,19,998,451,28,87,0.000000,-1,-1,-1
22,1,1467,407,232,410,0.997812,-1,-1,-1
22,2,590,448,100,265,0.997359,-1,-1,-1
22,3,458,438,111,293,0.998998,-1,-1,-1
22,4,1018,433,40,114,0.991616,-1,-1,-1
22,5,1095,436,40,114,0.992137,-1,-1,-1
22,6,1244,444,43,101,0.995131,-1,-1,-1
22,7,1645,421,124,374,0.995536,-1,-1,-1
22,8,928,434,41,109,0.986172,-1,-1,-1
22,10,1053,483,33,106,0.986513,-1,-1,-1
22,11,1087,483,35,112,0.988647,-1,-1,-1
22,12,650,457,63,184,0.776803,-1,-1,-1
22,14,593,423,17,41,0.880627,-1,-1,-1
22,15,994,451,28,91,0.735156,-1,-1,-1
22,17,1414,434,56,123,0.972624,-1,-1,-1
22,18,414,460,39,90,0.982885,-1,-1,-1
22,19,1000,451,29,85,0.735400,-1,-1,-1
23,1,1477,402,222,418,0.998556,-1,-1,-1
23,2,593,446,100,269,0.997857,-1,-1,-1
23,3,472,442,106,293,0.998969,-1,-1,-1
23,4,1019,433,40,111,0.987760,-1,-1,-1
23,5,1100,433,37,112,0.989257,-1,-1,-1
23,6,1247,445,40,101,0.994530,-1,-1,-1
23,7,1630,424,132,381,0.993286,-1,-1,-1
23,8,928,434,40,113,0.986099,-1,-1,-1
23,10,1053,482,34,108,0.983094,-1,-1,-1
23,11,1088,484,34,111,0.990740,-1,-1,-1
23,12,645,459,67,191,0.791641,-1,-1,-1
23,14,594,424,16,41,0.872613,-1,-1,-1
23,15,990,450,29,85,0.693449,-1,-1,-1
23,17,1415,433,60,124,0.982307,-1,-1,-1
23,18,414,460,39,90,0.980805,-1,-1,-1
23,19,999,450,28,86,0.707520,-1,-1,-1
24,1,1486,404,216,415,0.998449,-1,-1,-1
24,2,590,445,103,269,0.997878,-1,-1,-1
24,3,471,439,107,294,0.999201,-1,-1,-1
24,4,1019,433,39,114,0.988198,-1,-1,-1
24,5,1095,437,39,110,0.988550,-1,-1,-1
24,6,1247,444,39,101,0.994525,-1,-1,-1
24,7,1636,419,140,382,0.990582,-1,-1,-1
24,8,927,434,41,113,0.986140,-1,-1,-1
24,10,1053,483,34,106,0.981722,-1,-1,-1
24,11,1086,482,35,113,0.990960,-1,-1,-1
24,12,646,459,67,191,0.904059,-1,-1,-1
24,14,593,424,17,43,0.884542,-1,-1,-1
24,15,972,448,27,93,0.678775,-1,-1,-1
24,17,1415,434,62,122,0.958585,-1,-1,-1
24,18,413,460,40,91,0.984319,-1,-1,-1
24,19,999,451,28,84,0.538507,-1,-1,-1
25,1,1493,398,215,424,0.998780,-1,-1,-1
25,2,593,439,101,272,0.997756,-1,-1,-1
25,3,467,442,112,294,0.999168,-1,-1,-1
25,4,1018,432,39,115,0.991417,-1,-1,-1
25,5,1098,437,38,111,0.991190,-1,-1,-1
25,6,1252,445,33,101,0.994944,-1,-1,-1
25,7,1641,420,130,373,0.991715,-1,-1,-1
25,8,925,434,43,112,0.978431,-1,-1,-1
25,10,1053,485,35,107,0.987559,-1,-1,-1
25,11,1086,479,33,115,0.991142,-1,-1,-1
25,12,648,459,67,197,0.913233,-1,-1,-1
25,14,593,424,17,43,0.830198,-1,-1,-1
25,15,977,448,29,91,0.541504,-1,-1,-1
25,17,1418,433,60,122,0.988941,-1,-1,-1
25,18,413,460,41,92,0.983222,-1,-1,-1
25,19,999,451,29,87,0.554486,-1,-1,-1
26,1,1510,398,215,422,0.998984,-1,-1,-1
26,2,594,441,98,271,0.998047,-1,-1,-1
26,3,469,440,110,295,0.999176,-1,-1,-1
26,4,1019,435,36,111,0.934068,-1,-1,-1
26,5,1097,435,39,115,0.986232,-1,-1,-1
26,6,1250,444,36,100,0.994409,-1,-1,-1
26,7,1675,415,112,380,0.987654,-1,-1,-1
26,8,924,435,45,123,0.975989,-1,-1,-1
26,10,1053,485,37,108,0.986476,-1,-1,-1
26,11,1089,482,34,113,0.990548,-1,-1,-1
26,12,660,455,63,195,0.847801,-1,-1,-1
26,14,593,422,18,42,0.774995,-1,-1,-1
26,15,977,446,31,99,0.241504,-1,-1,-1
26,17,1419,446,61,111,0.993327,-1,-1,-1
26,18,415,463,40,88,0.988717,-1,-1,-1
26,19,1001,451,30,88,0.824381,-1,-1,-1
27,1,1524,397,200,426,0.998892,-1,-1,-1
27,2,593,439,99,275,0.997986,-1,-1,-1
27,3,470,441,111,294,0.999184,-1,-1,-1
27,4,1018,440,37,99,0.971823,-1,-1,-1
27,5,1098,437,38,108,0.984785,-1,-1,-1
27,6,1250,445,35,100,0.993707,-1,-1,-1
27,7,1666,421,133,373,0.994651,-1,-1,-1
27,8,926,435,44,114,0.977735,-1,-1,-1
27,10,1053,486,33,102,0.989733,-1,-1,-1
27,11,1088,482,34,113,0.994237,-1,-1,-1
27,12,655,461,64,188,0.847801,-1,-1,-1
27,14,592,423,18,43,0.774995,-1,-1,-1
27,17,1420,439,61,117,0.996235,-1,-1,-1
27,18,413,458,39,93,0.965524,-1,-1,-1
27,19,1001,451,31,88,0.824381,-1,-1,-1
28,1,1540,399,182,425,0.999100,-1,-1,-1
28,2,595,442,94,271,0.997737,-1,-1,-1
28,3,466,443,116,291,0.999067,-1,-1,-1
28,4,1017,429,38,121,0.989503,-1,-1,-1
28,5,1097,435,39,113,0.989439,-1,-1,-1
28,6,1245,444,42,100,0.991891,-1,-1,-1
28,7,1687,414,133,388,0.997199,-1,-1,-1
28,8,926,435,42,111,0.966910,-1,-1,-1
28,10,1051,483,39,113,0.989865,-1,-1,-1
28,11,1083,481,39,115,0.993153,-1,-1,-1
28,12,654,463,64,184,0.764614,-1,-1,-1
28,14,591,423,19,43,0.847215,-1,-1,-1
28,17,1422,438,60,118,0.996299,-1,-1,-1
28,18,413,462,44,87,0.979042,-1,-1,-1
28,19,1002,451,31,88,0.524381,-1,-1,-1
29,1,1566,386,169,436,0.999215,-1,-1,-1
29,2,598,439,95,277,0.998000,-1,-1,-1
29,3,475,445,105,289,0.999141,-1,-1,-1
29,4,1015,439,39,111,0.989503,-1,-1,-1
29,5,1097,436,39,113,0.990320,-1,-1,-1
29,6,1252,444,32,100,0.991519,-1,-1,-1
29,7,1668,410,176,386,0.996654,-1,-1,-1
29,8,926,436,44,113,0.972434,-1,-1,-1
29,10,1051,484,37,111,0.984948,-1,-1,-1
29,11,1086,481,37,116,0.994010,-1,-1,-1
29,12,655,461,65,187,0.764614,-1,-1,-1
29,14,591,419,18,46,0.847215,-1,-1,-1
29,17,1428,433,54,123,0.997565,-1,-1,-1
29,18,414,461,41,89,0.983204,-1,-1,-1
29,19,1003,451,32,89,0.224381,-1,-1,-1
30,1,1586,400,161,429,0.998978,-1,-1,-1
30,2,602,437,92,278,0.998372,-1,-1,-1
30,3,477,441,108,297,0.999032,-1,-1,-1
30,4,1014,442,40,109,0.949988,-1,-1,-1
30,5,1098,438,37,106,0.991985,-1,-1,-1
30,6,1250,446,34,98,0.992452,-1,-1,-1
30,7,1696,411,177,392,0.996129,-1,-1,-1
30,8,929,437,37,103,0.963796,-1,-1,-1
30,10,1054,486,34,106,0.986632,-1,-1,-1
30,11,1085,485,37,114,0.993499,-1,-1,-1
30,12,655,461,65,186,0.592821,-1,-1,-1
30,14,591,418,19,47,0.812918,-1,-1,-1
30,17,1431,430,52,124,0.996634,-1,-1,-1
30,18,414,460,40,89,0.961637,-1,-1,-1
30,20,1548,434,43,123,0.000000,-1,-1,-1
31,1,1612,399,152,429,0.999251,-1,-1,-1
31,2,605,438,92,275,0.997951,-1,-1,-1
31,3,478,444,105,292,0.999196,-1,-1,-1
31,4,1010,448,37,99,0.920826,-1,-1,-1
31,5,1097,435,39,114,0.990521,-1,-1,-1
31,6,1254,449,36,95,0.991591,-1,-1,-1
31,7,1705,409,198,408,0.993423,-1,-1,-1
31,8,925,436,44,117,0.960997,-1,-1,-1
31,10,1053,485,36,106,0.986024,-1,-1,-1
31,11,1085,483,37,114,0.992279,-1,-1,-1
31,12,672,459,56,186,0.547820,-1,-1,-1
31,14,591,420,17,44,0.908032,-1,-1,-1
31,17,1441,434,47,122,0.994699,-1,-1,-1
31,18,411,463,41,87,0.926523,-1,-1,-1
31,20,1552,439,40,116,0.947001,-1,-1,-1
31,21,577,422,18,42,0.000000,-1,-1,-1
32,1,1606,384,175,462,0.998993,-1,-1,-1
32,2,602,438,93,276,0.998357,-1,-1,-1
32,3,475,444,109,298,0.999223,-1,-1,-1
32,4,1014,442,34,102,0.980940,-1,-1,-1
32,5,1097,437,39,111,0.990692,-1,-1,-1
32,6,1252,448,34,95,0.990332,-1,-1,-1
32,7,1704,403,207,408,0.987744,-1,-1,-1
32,8,926,435,42,113,0.971714,-1,-1,-1
32,10,1053,485,37,107,0.987486,-1,-1,-1
32,11,1086,486,35,111,0.989320,-1,-1,-1
32,12,674,475,55,169,0.815450,-1,-1,-1
32,14,594,422,13,37,0.818900,-1,-1,-1
32,17,1449,434,38,120,0.996081,-1,-1,-1
32,18,415,463,42,83,0.960583,-1,-1,-1
32,20,1551,438,42,119,0.959526,-1,-1,-1
32,21,577,422,19,44,0.917442,-1,-1,-1
33,1,1613,390,174,469,0.999073,-1,-1,-1
33,2,612,438,88,274,0.998749,-1,-1,-1
33,3,474,441,112,299,0.999218,-1,-1,-1
33,4,1005,438,45,124,0.990416,-1,-1,-1
33,5,1098,435,38,111,0.991661,-1,-1,-1
33,6,1253,446,35,99,0.988232,-1,-1,-1
33,7,1716,385,191,426,0.980625,-1,-1,-1
33,8,929,435,39,105,0.961855,-1,-1,-1
33,10,1052,486,37,105,0.983781,-1,-1,-1
33,11,1087,482,36,113,0.983659,-1,-1,-1
33,12,672,465,56,187,0.828295,-1,-1,-1
33,14,589,418,21,50,0.932741,-1,-1,-1
33,17,1450,429,41,126,0.996731,-1,-1,-1
33,18,412,461,39,84,0.968941,-1,-1,-1
33,20,1554,448,35,107,0.964734,-1,-1,-1
33,21,577,422,19,44,0.938879,-1,-1,-1
34,1,1621,396,186,479,0.998800,-1,-1,-1
34,2,609,436,91,275,0.998863,-1,-1,-1
34,3,475,444,111,299,0.999280,-1,-1,-1
34,4,1005,441,42,119,0.992085,-1,-1,-1
34,5,1096,436,40,114,0.993862,-1,-1,-1
34,6,1254,447,35,97,0.988427,-1,-1,-1
34,7,1738,396,169,423,0.982327,-1,-1,-1
34,8,925,438,43,113,0.973349,-1,-1,-1
34,10,1050,485,35,105,0.972617,-1,-1,-1
34,11,1090,485,30,111,0.986651,-1,-1,-1
34,12,673,467,55,184,0.860367,-1,-1,-1
34,14,594,419,15,40,0.901017,-1,-1,-1
34,17,1455,428,39,129,0.996081,-1,-1,-1
34,18,412,460,42,89,0.958824,-1,-1,-1
34,20,1548,434,43,120,0.949863,-1,-1,-1
34,21,576,423,19,44,0.951026,-1,-1,-1
34,22,576,457,42,136,0.000000,-1,-1,-1
35,1,1613,395,216,462,0.998523,-1,-1,-1
35,2,609,435,88,275,0.998511,-1,-1,-1
35,3,475,442,110,306,0.999266,-1,-1,-1
35,4,1002,442,47,116,0.993174,-1,-1,-1
35,5,1097,437,38,111,0.991941,-1,-1,-1
35,6,1253,449,35,95,0.988885,-1,-1,-1
35,7,1713,410,200,428,0.967380,-1,-1,-1
35,8,924,437,45,124,0.958844,-1,-1,-1
35,10,1055,484,35,102,0.980688,-1,-1,-1
35,11,1089,482,30,113,0.988351,-1,-1,-1
35,12,668,460,61,191,0.935406,-1,-1,-1
35,14,589,418,20,46,0.890038,-1,-1,-1
35,17,1456,431,39,125,0.997288,-1,-1,-1
35,18,410,461,43,88,0.970424,-1,-1,-1
35,20,1546,434,45,123,0.975816,-1,-1,-1
35,21,577,422,19,44,0.952224,-1,-1,-1
35,22,576,455,42,137,0.763762,-1,-1,-1
36,1,1643,381,238,483,0.998053,-1,-1,-1
36,2,610,440,87,269,0.998520,-1,-1,-1
36,3,474,441,111,308,0.999225,-1,-1,-1
36,4,1003,436,47,123,0.990313,-1,-1,-1
36,5,1097,435,39,112,0.990855,-1,-1,-1
36,6,1253,447,36,97,0.989497,-1,-1,-1
36,7,1738,398,170,424,0.856389,-1,-1,-1
36,8,926,437,43,111,0.971540,-1,-1,-1
36,10,1052,485,36,107,0.984937,-1,-1,-1
36,11,1088,481,34,114,0.985327,-1,-1,-1
36,12,671,458,63,197,0.909995,-1,-1,-1
36,14,591,419,18,44,0.890537,-1,-1,-1
36,17,1455,428,44,127,0.995218,-1,-1,-1
36,18,413,463,39,85,0.968590,-1,-1,-1
36,20,1546,439,50,122,0.965881,-1,-1,-1
36,21,576,423,19,43,0.947462,-1,-1,-1
36,22,576,455,42,136,0.768066,-1,-1,-1
37,1,1627,394,259,471,0.998684,-1,-1,-1
37,2,611,436,90,276,0.998550,-1,-1,-1
37,3,470,442,120,316,0.999305,-1,-1,-1
37,4,1006,440,43,117,0.992810,-1,-1,-1
37,5,1096,435,40,115,0.995136,-1,-1,-1
37,6,1255,447,34,97,0.991463,-1,-1,-1
37,7,1726,409,189,415,0.894080,-1,-1,-1
37,8,927,436,42,112,0.975161,-1,-1,-1
37,10,1053,482,38,105,0.989372,-1,-1,-1
37,11,1085,481,36,114,0.976566,-1,-1,-1
37,12,667,456,67,201,0.922018,-1,-1,-1
37,14,593,420,17,44,0.890546,-1,-1,-1
37,17,1456,429,47,125,0.996664,-1,-1,-1
37,18,412,462,39,87,0.968467,-1,-1,-1
37,20,1546,435,51,121,0.879644,-1,-1,-1
37,21,577,423,19,43,0.958813,-1,-1,-1
37,22,577,453,40,137,0.856714,-1,-1,-1
38,1,1633,396,240,470,0.998602,-1,-1,-1
38,2,613,440,86,270,0.998709,-1,-1,-1
38,3,475,441,114,310,0.999203,-1,-1,-1
38,4,1003,440,45,117,0.990478,-1,-1,-1
38,5,1098,437,39,113,0.994809,-1,-1,-1
38,6,1254,443,35,100,0.991923,-1,-1,-1
38,7,1785,418,135,407,0.931051,-1,-1,-1
38,8,926,436,41,113,0.957570,-1,-1,-1
38,10,1052,486,35,106,0.982291,-1,-1,-1
38,11,1090,485,28,111,0.986498,-1,-1,-1
38,12,673,456,62,200,0.917425,-1,-1,-1
38,14,593,421,16,42,0.889073,-1,-1,-1
38,17,1461,431,48,124,0.997378,-1,-1,-1
38,18,415,462,42,91,0.973796,-1,-1,-1
38,20,1553,444,49,117,0.865543,-1,-1,-1
38,21,577,423,19,43,0.967339,-1,-1,-1
38,22,576,457,42,133,0.889356,-1,-1,-1
39,1,1630,401,246,459,0.998669,-1,-1,-1
39,2,612,439,92,273,0.998468,-1,-1,-1
39,3,471,441,119,304,0.999211,-1,-1,-1
39,4,1004,440,45,120,0.992832,-1,-1,-1
39,5,1096,435,39,112,0.995201,-1,-1,-1
39,6,1255,445,35,99,0.991528,-1,-1,-1
39,7,1791,407,127,427,0.654917,-1,-1,-1
39,8,925,436,45,113,0.955489,-1,-1,-1
39,10,1053,483,38,111,0.984079,-1,-1,-1
39,11,1089,486,33,110,0.981716,-1,-1,-1
39,12,672,457,64,201,0.876662,-1,-1,-1
39,14,593,420,17,41,0.866567,-1,-1,-1
39,17,1459,426,52,129,0.996471,-1,-1,-1
39,18,411,462,39,85,0.971247,-1,-1,-1
39,20,1558,450,48,113,0.565543,-1,-1,-1
39,21,577,423,19,44,0.971440,-1,-1,-1
39,22,577,455,41,135,0.921234,-1,-1,-1
40,1,1630,404,264,472,0.998663,-1,-1,-1
40,2,615,437,91,277,0.998807,-1,-1,-1
40,3,470,441,118,308,0.999172,-1,-1,-1
40,4,1003,436,46,126,0.995003,-1,-1,-1
40,5,1100,435,38,109,0.994078,-1,-1,-1
40,6,1255,444,35,100,0.991220,-1,-1,-1
40,7,1786,400,133,425,0.354917,-1,-1,-1
40,8,926,434,44,112,0.950284,-1,-1,-1
40,10,1053,484,37,107,0.981243,-1,-1,-1
40,11,1090,487,30,109,0.983920,-1,-1,-1
40,12,625,439,98,251,0.874146,-1,-1,-1
40,14,593,419,16,43,0.870800,-1,-1,-1
40,17,1461,431,51,124,0.998191,-1,-1,-1
40,18,413,462,39,81,0.963637,-1,-1,-1
40,21,577,422,19,44,0.974766,-1,-1,-1
40,22,578,455,41,136,0.945769,-1,-1,-1
41,1,1640,388,254,484,0.998819,-1,-1,-1
41,2,614,446,84,272,0.998697,-1,-1,-1
41,3,477,441,111,314,0.999220,-1,-1,-1
41,4,1003,442,45,120,0.995706,-1,-1,-1
41,5,1095,435,40,114,0.993427,-1,-1,-1
41,6,1255,446,35,98,0.989789,-1,-1,-1
41,7,1811,417,108,414,0.414731,-1,-1,-1
41,8,922,434,49,126,0.955125,-1,-1,-1
41,10,1052,485,36,107,0.979460,-1,-1,-1
41,11,1090,484,31,111,0.986753,-1,-1,-1
41,12,689,460,56,187,0.848771,-1,-1,-1
41,14,593,419,17,43,0.855152,-1,-1,-1
41,17,1463,429,52,126,0.998484,-1,-1,-1
41,18,412,462,39,82,0.920463,-1,-1,-1
41,21,577,423,19,45,0.974176,-1,-1,-1
41,22,578,454,41,135,0.955970,-1,-1,-1
42,1,1656,395,236,473,0.998924,-1,-1,-1
42,2,615,434,86,275,0.998943,-1,-1,-1
42,3,471,441,117,317,0.999305,-1,-1,-1
42,4,1004,438,44,126,0.995039,-1,-1,-1
42,5,1097,434,40,113,0.991923,-1,-1,-1
42,6,1255,445,35,99,0.988446,-1,-1,-1
42,7,1823,424,96,409,0.114731,-1,-1,-1
42,8,926,436,42,105,0.958733,-1,-1,-1
42,10,1052,484,37,107,0.987331,-1,-1,-1
42,11,1088,486,34,110,0.982542,-1,-1,-1
42,12,685,455,57,207,0.778229,-1,-1,-1
42,14,593,422,16,44,0.870259,-1,-1,-1
42,17,1468,430,58,127,0.998062,-1,-1,-1
42,18,415,461,40,84,0.892633,-1,-1,-1
42,21,576,423,19,45,0.970928,-1,-1,-1
42,22,578,457,40,133,0.948554,-1,-1,-1
43,1,1668,393,232,494,0.998708,-1,-1,-1
43,2,616,449,85,269,0.998583,-1,-1,-1
43,3,470,443,118,316,0.999369,-1,-1,-1
43,4,1004,439,44,120,0.991690,-1,-1,-1
43,5,1097,436,38,110,0.990456,-1,-1,-1
43,6,1255,446,36,98,0.988964,-1,-1,-1
43,8,925,435,44,117,0.956616,-1,-1,-1
43,10,1054,483,38,108,0.987077,-1,-1,-1
43,11,1089,481,32,117,0.988907,-1,-1,-1
43,12,687,455,53,200,0.789847,-1,-1,-1
43,14,593,421,17,46,0.877385,-1,-1,-1
43,17,1469,432,50,123,0.998088,-1,-1,-1
43,18,409,461,40,81,0.954712,-1,-1,-1
43,21,576,423,19,44,0.962296,-1,-1,-1
43,22,578,453,40,136,0.964648,-1,-1,-1
44,1,1679,374,231,508,0.998638,-1,-1,-1
44,2,619,444,83,268,0.998329,-1,-1,-1
44,3,476,443,112,319,0.999295,-1,-1,-1
44,4,1003,439,45,119,0.980728,-1,-1,-1
44,5,1096,434,40,113,0.992015,-1,-1,-1
44,6,1255,444,35,99,0.990629,-1,-1,-1
44,8,924,436,45,119,0.939817,-1,-1,-1
44,10,1053,484,38,109,0.989511,-1,-1,-1
44,11,1088,484,34,113,0.984286,-1,-1,-1
44,12,670,454,68,205,0.796260,-1,-1,-1
44,14,593,420,16,43,0.814184,-1,-1,-1
44,17,1470,432,53,124,0.997953,-1,-1,-1
44,18,411,463,40,87,0.965832,-1,-1,-1
44,21,577,423,19,44,0.949709,-1,-1,-1
44,22,578,452,41,138,0.958355,-1,-1,-1
45,1,1707,375,205,499,0.998863,-1,-1,-1
45,2,618,444,86,272,0.998462,-1,-1,-1
45,3,472,440,116,319,0.999351,-1,-1,-1
45,4,1005,448,43,113,0.992896,-1,-1,-1
45,5,1097,436,39,112,0.989472,-1,-1,-1
45,6,1255,446,35,97,0.985115,-1,-1,-1
45,8,923,435,48,124,0.941647,-1,-1,-1
45,10,1053,486,36,105,0.989487,-1,-1,-1
45,11,1085,482,37,115,0.988998,-1,-1,-1
45,12,681,455,64,204,0.803677,-1,-1,-1
45,14,592,419,17,45,0.863144,-1,-1,-1
45,17,1474,431,50,125,0.997101,-1,-1,-1
45,18,409,462,42,88,0.969135,-1,-1,-1
45,21,576,423,19,44,0.948905,-1,-1,-1
45,22,578,453,41,138,0.965313,-1,-1,-1
46,1,1739,396,166,476,0.998231,-1,-1,-1
46,2,618,444,87,272,0.998367,-1,-1,-1
46,3,467,438,121,324,0.999296,-1,-1,-1
46,4,1005,444,43,105,0.994252,-1,-1,-1
46,5,1096,435,40,113,0.989842,-1,-1,-1
46,6,1255,446,36,98,0.988134,-1,-1,-1
46,8,924,437,47,115,0.964576,-1,-1,-1
46,10,1052,484,38,109,0.987935,-1,-1,-1
46,11,1087,482,35,114,0.988203,-1,-1,-1
46,12,682,453,62,209,0.803677,-1,-1,-1
46,14,593,419,17,45,0.863144,-1,-1,-1
46,17,1487,431,42,124,0.994820,-1,-1,-1
46,18,411,462,41,85,0.961344,-1,-1,-1
46,21,576,423,19,44,0.948782,-1,-1,-1
46,22,578,453,42,137,0.970455,-1,-1,-1
47,1,1755,384,154,498,0.996957,-1,-1,-1
47,2,619,438,85,271,0.998553,-1,-1,-1
47,3,473,438,116,323,0.999382,-1,-1,-1
47,4,1004,444,44,115,0.990140,-1,-1,-1
47,5,1096,436,41,112,0.984092,-1,-1,-1
47,6,1255,444,36,100,0.992294,-1,-1,-1
47,8,929,437,38,107,0.962846,-1,-1,-1
47,10,1052,484,37,105,0.991801,-1,-1,-1
47,11,1090,484,29,112,0.988911,-1,-1,-1
47,12,683,451,61,212,0.852265,-1,-1,-1
47,14,593,419,17,45,0.815067,-1,-1,-1
47,17,1486,427,44,127,0.987356,-1,-1,-1
47,18,411,461,41,86,0.970086,-1,-1,-1
47,21,576,423,19,43,0.960859,-1,-1,-1
47,22,577,451,42,140,0.964503,-1,-1,-1
48,1,1793,376,125,508,0.995062,-1,-1,-1
48,2,619,446,90,274,0.998900,-1,-1,-1
48,3,469,435,120,326,0.999346,-1,-1,-1
48,4,1005,444,41,105,0.985879,-1,-1,-1
48,5,1098,438,37,106,0.990071,-1,-1,-1
48,6,1256,447,35,98,0.994139,-1,-1,-1
48,8,926,435,44,116,0.959892,-1,-1,-1
48,10,1055,485,36,105,0.979221,-1,-1,-1
48,11,1089,486,32,109,0.986372,-1,-1,-1
48,12,687,460,58,204,0.925182,-1,-1,-1
48,14,593,417,17,49,0.826503,-1,-1,-1
48,17,1492,435,41,119,0.957178,-1,-1,-1
48,18,416,464,40,88,0.975719,-1,-1,-1
48,21,576,422,19,45,0.971800,-1,-1,-1
48,22,576,451,44,140,0.970304,-1,-1,-1
49,1,1797,392,116,488,0.994038,-1,-1,-1
49,2,619,434,91,276,0.998660,-1,-1,-1
49,3,472,434,117,325,0.999350,-1,-1,-1
49,4,1005,444,44,110,0.985790,-1,-1,-1
49,5,1097,435,38,109,0.988379,-1,-1,-1
49,6,1256,446,36,98,0.994358,-1,-1,-1
49,8,927,435,43,116,0.950006,-1,-1,-1
49,10,1052,484,35,102,0.974300,-1,-1,-1
49,11,1090,486,30,107,0.984453,-1,-1,-1
49,12,685,446,65,215,0.944936,-1,-1,-1
49,14,594,421,17,42,0.801088,-1,-1,-1
49,17,1496,435,40,121,0.986881,-1,-1,-1
49,18,415,463,39,83,0.955527,-1,-1,-1
49,21,577,423,18,43,0.977789,-1,-1,-1
49,22,576,452,45,139,0.962591,-1,-1,-1
50,1,1817,382,104,493,0.994604,-1,-1,-1
50,2,618,443,95,276,0.999206,-1,-1,-1
50,3,473,436,115,321,0.999359,-1,-1,-1
50,4,1008,443,39,113,0.979230,-1,-1,-1
50,5,1098,436,38,110,0.986571,-1,-1,-1
50,6,1256,446,35,98,0.995542,-1,-1,-1
50,8,926,434,42,114,0.959918,-1,-1,-1
50,10,1054,484,34,102,0.970333,-1,-1,-1
50,11,1089,484,30,111,0.984295,-1,-1,-1
50,12,684,456,63,207,0.976950,-1,-1,-1
50,14,599,419,14,43,0.707068,-1,-1,-1
50,17,1497,431,46,124,0.989924,-1,-1,-1
50,18,416,462,37,73,0.971076,-1,-1,-1
50,21,577,422,19,45,0.965018,-1,-1,-1
50,22,577,449,44,142,0.970144,-1,-1,-1
51,1,1810,373,110,506,0.993121,-1,-1,-1
51,2,619,446,93,272,0.999153,-1,-1,-1
51,3,468,438,120,321,0.999335,-1,-1,-1
51,4,1003,442,43,107,0.990054,-1,-1,-1
51,5,1097,435,39,110,0.988572,-1,-1,-1
51,6,1256,448,36,96,0.994710,-1,-1,-1
51,8,927,435,42,117,0.965707,-1,-1,-1
51,10,1049,484,38,104,0.976143,-1,-1,-1
51,11,1089,485,33,111,0.985628,-1,-1,-1
51,12,694,457,59,204,0.976657,-1,-1,-1
51,14,592,418,19,40,0.723748,-1,-1,-1
51,17,1499,438,48,118,0.982112,-1,-1,-1
51,18,414,462,43,94,0.969520,-1,-1,-1
51,21,577,422,19,44,0.957881,-1,-1,-1
51,22,578,449,43,140,0.972366,-1,-1,-1
52,1,1808,389,111,493,0.983846,-1,-1,-1
52,2,619,442,94,277,0.999201,-1,-1,-1
52,3,470,438,119,320,0.999375,-1,-1,-1
52,4,1005,441,48,115,0.992427,-1,-1,-1
52,5,1096,436,40,111,0.988062,-1,-1,-1
52,6,1256,445,35,99,0.995766,-1,-1,-1
52,8,925,434,44,121,0.972272,-1,-1,-1
52,10,1053,485,36,106,0.983159,-1,-1,-1
52,11,1089,485,31,111,0.984307,-1,-1,-1
52,12,689,454,63,209,0.975935,-1,-1,-1
52,14,590,416,19,48,0.971585,-1,-1,-1
52,17,1499,434,48,120,0.990288,-1,-1,-1
52,18,416,465,41,85,0.980314,-1,-1,-1
52,21,577,421,19,45,0.957881,-1,-1,-1
52,22,578,449,44,142,0.977949,-1,-1,-1
53,1,1818,406,98,479,0.956326,-1,-1,-1
53,2,619,445,94,273,0.999152,-1,-1,-1
53,3,477,438,111,322,0.999392,-1,-1,-1
53,4,1001,441,46,114,0.988582,-1,-1,-1
53,5,1095,434,39,113,0.991183,-1,-1,-1
53,6,1256,445,35,99,0.996564,-1,-1,-1
53,8,925,435,42,115,0.976667,-1,-1,-1
53,10,1052,482,38,110,0.984345,-1,-1,-1
53,11,1087,480,37,115,0.985662,-1,-1,-1
53,12,688,453,65,209,0.975899,-1,-1,-1
53,14,571,422,19,46,0.971585,-1,-1,-1
53,17,1496,431,50,124,0.984391,-1,-1,-1
53,18,412,460,40,89,0.985614,-1,-1,-1
53,21,577,420,19,46,0.938295,-1,-1,-1
53,22,577,449,45,142,0.973762,-1,-1,-1
54,1,1816,444,100,439,0.898846,-1,-1,-1
54,2,620,444,91,275,0.999137,-1,-1,-1
54,3,469,437,123,323,0.999360,-1,-1,-1
54,4,1003,441,43,110,0.990987,-1,-1,-1
54,5,1097,436,39,112,0.992310,-1,-1,-1
54,6,1256,446,38,98,0.995979,-1,-1,-1
54,8,926,435,42,117,0.975968,-1,-1,-1
54,10,1052,481,38,109,0.985112,-1,-1,-1
54,11,1090,485,29,110,0.976582,-1,-1,-1
54,12,689,452,65,212,0.986635,-1,-1,-1
54,14,566,424,19,46,0.971585,-1,-1,-1
54,17,1499,435,58,118,0.989761,-1,-1,-1
54,18,414,459,43,98,0.980575,-1,-1,-1
54,21,577,417,19,46,0.942904,-1,-1,-1
54,22,578,451,43,140,0.968514,-1,-1,-1
55,1,1820,375,96,508,0.888978,-1,-1,-1
55,2,620,445,94,275,0.999056,-1,-1,-1
55,3,472,438,119,321,0.999366,-1,-1,-1
55,4,1003,439,43,110,0.988125,-1,-1,-1
55,5,1096,435,40,112,0.990775,-1,-1,-1
55,6,1256,443,36,101,0.995969,-1,-1,-1
55,8,927,434,41,118,0.978779,-1,-1,-1
55,10,1052,480,39,107,0.985179,-1,-1,-1
55,11,1090,483,29,111,0.985091,-1,-1,-1
55,12,689,456,67,210,0.989445,-1,-1,-1
55,14,561,425,19,46,0.971585,-1,-1,-1
55,17,1520,432,52,119,0.989514,-1,-1,-1
55,18,412,460,44,94,0.983457,-1,-1,-1
55,21,577,419,20,46,0.928572,-1,-1,-1
55,22,578,454,43,137,0.973323,-1,-1,-1
56,1,1821,405,94,479,0.888978,-1,-1,-1
56,2,622,441,93,281,0.999291,-1,-1,-1
56,3,472,437,120,322,0.999345,-1,-1,-1
56,4,1003,440,40,108,0.988000,-1,-1,-1
56,5,1096,435,40,113,0.993901,-1,-1,-1
56,6,1261,445,36,98,0.994479,-1,-1,-1
56,8,927,434,42,115,0.978779,-1,-1,-1
56,10,1051,482,38,107,0.987768,-1,-1,-1
56,11,1090,484,32,111,0.985091,-1,-1,-1
56,12,689,451,67,215,0.992355,-1,-1,-1
56,14,555,427,19,46,0.971585,-1,-1,-1
56,17,1501,436,62,118,0.989514,-1,-1,-1
56,18,414,459,43,95,0.983457,-1,-1,-1
56,21,578,419,19,45,0.928572,-1,-1,-1
56,22,579,450,42,140,0.973323,-1,-1,-1
57,1,1822,410,92,475,0.739703,-1,-1,-1
57,2,621,444,90,280,0.999106,-1,-1,-1
57,3,476,441,116,318,0.999191,-1,-1,-1
57,4,1005,444,41,104,0.985168,-1,-1,-1
57,5,1096,435,40,111,0.992136,-1,-1,-1
57,6,1253,446,39,99,0.995043,-1,-1,-1
57,8,927,434,42,114,0.974030,-1,-1,-1
57,10,1050,478,42,111,0.987229,-1,-1,-1
57,11,1090,484,33,111,0.980705,-1,-1,-1
57,12,692,454,66,211,0.985531,-1,-1,-1
57,14,550,428,19,46,0.971585,-1,-1,-1
57,17,1496,437,66,117,0.990314,-1,-1,-1
57,18,414,459,43,95,0.957422,-1,-1,-1
57,21,578,419,18,44,0.978922,-1,-1,-1
57,22,579,448,42,141,0.965803,-1,-1,-1
58,1,1822,342,99,548,0.704826,-1,-1,-1
58,2,621,441,92,284,0.998945,-1,-1,-1
58,3,483,441,109,320,0.999211,-1,-1,-1
58,4,1006,441,36,106,0.976558,-1,-1,-1
58,5,1097,436,39,111,0.993901,-1,-1,-1
58,6,1262,445,35,98,0.995282,-1,-1,-1
58,8,927,435,41,109,0.972611,-1,-1,-1
58,10,1053,480,39,108,0.985514,-1,-1,-1
58,11,1090,483,30,111,0.958802,-1,-1,-1
58,12,691,452,67,220,0.985012,-1,-1,-1
58,14,545,429,19,46,0.971585,-1,-1,-1
58,17,1508,431,55,122,0.973859,-1,-1,-1
58,18,418,463,36,68,0.969398,-1,-1,-1
58,21,576,422,21,46,0.977887,-1,-1,-1
58,22,577,455,42,136,0.960844,-1,-1,-1
58,23,1033,455,31,83,0.000000,-1,-1,-1
59,1,1827,381,92,492,0.404826,-1,-1,-1
59,2,622,439,89,285,0.998826,-1,-1,-1
59,3,477,442,121,326,0.999165,-1,-1,-1
59,4,1006,443,35,96,0.981914,-1,-1,-1
59,5,1097,436,39,112,0.994964,-1,-1,-1
59,6,1260,444,36,99,0.994509,-1,-1,-1
59,8,929,434,38,107,0.967016,-1,-1,-1
59,10,1054,480,39,106,0.982010,-1,-1,-1
59,11,1090,485,29,110,0.977561,-1,-1,-1
59,12,695,457,64,211,0.989602,-1,-1,-1
59,14,540,431,19,46,0.971585,-1,-1,-1
59,17,1526,430,50,124,0.983400,-1,-1,-1
59,18,415,462,46,99,0.977334,-1,-1,-1
59,21,576,422,22,46,0.966672,-1,-1,-1
59,22,579,456,42,134,0.914492,-1,-1,-1
59,23,1032,455,33,83,0.803795,-1,-1,-1
60,2,622,442,86,282,0.998724,-1,-1,-1
60,3,477,439,126,326,0.999157,-1,-1,-1
60,4,1003,443,37,100,0.985403,-1,-1,-1
60,5,1097,435,38,111,0.993844,-1,-1,-1
60,6,1258,443,38,100,0.995805,-1,-1,-1
60,8,925,434,44,119,0.981627,-1,-1,-1
60,10,1054,481,38,108,0.989295,-1,-1,-1
60,11,1089,484,29,112,0.978400,-1,-1,-1
60,12,693,456,67,217,0.985858,-1,-1,-1
60,14,534,432,19,46,0.971585,-1,-1,-1
60,17,1503,429,53,122,0.994282,-1,-1,-1
60,18,416,462,40,85,0.970520,-1,-1,-1
60,21,577,420,20,45,0.963450,-1,-1,-1
60,22,579,454,39,136,0.912577,-1,-1,-1
60,23,1032,454,33,85,0.789587,-1,-1,-1
61,2,621,443,90,282,0.998663,-1,-1,-1
61,3,478,436,145,330,0.999328,-1,-1,-1
61,4,1003,443,38,103,0.988016,-1,-1,-1
61,5,1096,434,39,110,0.996081,-1,-1,-1
61,6,1254,447,38,97,0.994702,-1,-1,-1
61,8,927,433,41,111,0.977974,-1,-1,-1
61,10,1053,478,40,113,0.987961,-1,-1,-1
61,11,1089,484,31,113,0.960731,-1,-1,-1
61,12,691,451,65,222,0.992537,-1,-1,-1
61,14,529,434,19,46,0.971585,-1,-1,-1
61,17,1528,431,42,121,0.989383,-1,-1,-1
61,18,417,460,39,85,0.951619,-1,-1,-1
61,21,576,418,19,47,0.977512,-1,-1,-1
61,22,580,455,42,135,0.758805,-1,-1,-1
61,23,1032,454,35,84,0.836142,-1,-1,-1
62,2,621,441,88,283,0.997973,-1,-1,-1
62,3,491,435,131,328,0.999355,-1,-1,-1
62,4,1005,444,35,102,0.989419,-1,-1,-1
62,5,1095,435,40,114,0.996042,-1,-1,-1
62,6,1256,443,37,101,0.995335,-1,-1,-1
62,8,926,434,42,115,0.983769,-1,-1,-1
62,10,1051,479,41,112,0.988724,-1,-1,-1
62,11,1088,483,29,112,0.946634,-1,-1,-1
62,12,696,463,65,209,0.987801,-1,-1,-1
62,14,524,435,19,46,0.971585,-1,-1,-1
62,17,1523,431,45,119,0.990452,-1,-1,-1
62,18,418,461,40,89,0.958027,-1,-1,-1
62,21,576,421,20,45,0.959837,-1,-1,-1
62,22,578,457,39,133,0.458805,-1,-1,-1
62,23,1031,454,35,83,0.786048,-1,-1,-1
63,2,620,441,90,277,0.997801,-1,-1,-1
63,3,486,448,145,318,0.999343,-1,-1,-1
63,4,1003,443,38,105,0.989572,-1,-1,-1
63,5,1096,435,40,112,0.993920,-1,-1,-1
63,6,1255,448,37,96,0.994482,-1,-1,-1
63,8,927,435,39,106,0.979657,-1,-1,-1
63,10,1051,480,40,111,0.982256,-1,-1,-1
63,11,1088,482,29,115,0.933574,-1,-1,-1
63,12,691,451,64,222,0.989926,-1,-1,-1
63,14,519,437,18,46,0.971585,-1,-1,-1
63,17,1527,431,43,119,0.991919,-1,-1,-1
63,18,415,457,41,93,0.948164,-1,-1,-1
63,21,576,420,20,44,0.755548,-1,-1,-1
63,23,1032,453,34,83,0.834995,-1,-1,-1
64,2,623,445,85,275,0.997735,-1,-1,-1
64,3,487,445,137,318,0.999364,-1,-1,-1
64,4,1002,442,38,103,0.993617,-1,-1,-1
64,5,1096,435,39,110,0.995953,-1,-1,-1
64,6,1256,445,37,98,0.993592,-1,-1,-1
64,8,926,435,40,110,0.976479,-1,-1,-1
64,10,1056,480,39,112,0.970102,-1,-1,-1
64,11,1087,487,30,110,0.922007,-1,-1,-1
64,12,694,458,67,214,0.993251,-1,-1,-1
64,14,508,439,18,46,0.671585,-1,-1,-1
64,17,1528,431,42,118,0.988365,-1,-1,-1
64,18,417,461,37,78,0.975264,-1,-1,-1
64,21,579,416,22,42,0.818414,-1,-1,-1
64,23,1032,454,36,83,0.844883,-1,-1,-1
65,2,618,440,90,282,0.997798,-1,-1,-1
65,3,486,444,141,319,0.999349,-1,-1,-1
65,4,1000,443,40,105,0.991584,-1,-1,-1
65,5,1094,435,40,111,0.996440,-1,-1,-1
65,6,1256,441,38,103,0.991704,-1,-1,-1
65,8,926,435,40,117,0.973052,-1,-1,-1
65,10,1048,481,38,106,0.982327,-1,-1,-1
65,11,1087,482,31,115,0.872183,-1,-1,-1
65,12,690,449,70,229,0.994343,-1,-1,-1
65,14,503,441,18,46,0.371585,-1,-1,-1
65,17,1536,433,43,119,0.992297,-1,-1,-1
65,18,417,457,37,88,0.966213,-1,-1,-1
65,21,605,424,14,40,0.869120,-1,-1,-1
65,23,1031,452,37,88,0.928643,-1,-1,-1
66,2,621,446,88,276,0.997497,-1,-1,-1
66,3,488,439,145,328,0.999320,-1,-1,-1
66,4,1001,442,37,108,0.992237,-1,-1,-1
66,5,1095,436,40,112,0.997119,-1,-1,-1
66,6,1256,441,37,103,0.992856,-1,-1,-1
66,8,925,434,42,117,0.977009,-1,-1,-1
66,10,1049,480,41,110,0.984432,-1,-1,-1
66,11,1083,481,31,111,0.909150,-1,-1,-1
66,12,693,455,70,222,0.994414,-1,-1,-1
66,14,486,456,36,95,0.531830,-1,-1,-1
66,17,1531,433,44,118,0.992412,-1,-1,-1
66,18,417,458,38,87,0.952855,-1,-1,-1
66,21,594,421,17,44,0.891486,-1,-1,-1
66,23,1031,453,37,87,0.931100,-1,-1,-1
67,2,621,446,89,275,0.997771,-1,-1,-1
67,3,489,446,146,320,0.999367,-1,-1,-1
67,4,1000,443,38,104,0.990763,-1,-1,-1
67,5,1096,436,39,111,0.996749,-1,-1,-1
67,6,1256,447,37,96,0.994238,-1,-1,-1
67,8,926,435,41,111,0.975922,-1,-1,-1
67,10,1051,480,38,109,0.988089,-1,-1,-1
67,11,1085,484,29,110,0.957599,-1,-1,-1
67,12,689,455,71,221,0.995678,-1,-1,-1
67,14,485,456,36,100,0.648792,-1,-1,-1
67,17,1538,434,43,118,0.996457,-1,-1,-1
67,18,418,461,36,80,0.952789,-1,-1,-1
67,21,592,418,20,54,0.912618,-1,-1,-1
67,23,1032,452,38,87,0.868025,-1,-1,-1
67,24,579,416,20,48,0.000000,-1,-1,-1
68,2,618,444,89,280,0.997666,-1,-1,-1
68,3,491,440,144,324,0.999389,-1,-1,-1
68,4,1000,441,40,109,0.991880,-1,-1,-1
68,5,1097,436,39,111,0.996642,-1,-1,-1
68,6,1261,443,36,101,0.994052,-1,-1,-1
68,8,927,435,41,110,0.973686,-1,-1,-1
68,10,1046,484,39,109,0.986935,-1,-1,-1
68,11,1084,486,35,111,0.963138,-1,-1,-1
68,12,692,460,74,219,0.996233,-1,-1,-1
68,14,484,454,39,111,0.859195,-1,-1,-1
68,17,1536,430,43,123,0.996936,-1,-1,-1
68,18,417,457,41,91,0.926990,-1,-1,-1
68,21,596,424,16,37,0.896450,-1,-1,-1
68,23,1035,451,36,88,0.946897,-1,-1,-1
68,24,589,440,427,0,0.000000,-1,-1,-1
69,2,615,444,95,279,0.997812,-1,-1,-1
69,3,492,440,147,324,0.999402,-1,-1,-1
69,4,1000,441,40,105,0.992358,-1,-1,-1
69,5,1096,436,40,112,0.996846,-1,-1,-1
69,6,1259,444,36,100,0.993064,-1,-1,-1
69,8,927,435,39,110,0.974440,-1,-1,-1
69,10,1047,481,41,112,0.976911,-1,-1,-1
69,11,1084,483,33,113,0.953923,-1,-1,-1
69,12,691,453,72,223,0.996017,-1,-1,-1
69,14,482,455,40,117,0.892352,-1,-1,-1
69,17,1542,431,48,122,0.996974,-1,-1,-1
69,18,416,459,41,90,0.918033,-1,-1,-1
69,21,594,421,18,43,0.904915,-1,-1,-1
69,23,1036,452,35,87,0.959011,-1,-1,-1
69,24,589,440,427,0,0.000000,-1,-1,-1
70,2,619,443,90,280,0.997874,-1,-1,-1
70,3,507,436,134,334,0.999434,-1,-1,-1
70,4,1000,442,40,106,0.992951,-1,-1,-1
70,5,1096,436,40,111,0.996924,-1,-1,-1
70,6,1259,443,36,101,0.991158,-1,-1,-1
70,8,927,435,40,110,0.973824,-1,-1,-1
70,10,1047,482,40,110,0.978430,-1,-1,-1
70,11,1084,484,33,112,0.980693,-1,-1,-1
70,12,693,456,70,220,0.995207,-1,-1,-1
70,14,477,459,39,106,0.930733,-1,-1,-1
70,17,1541,430,45,121,0.997160,-1,-1,-1
70,18,416,460,40,88,0.977269,-1,-1,-1
70,21,594,422,19,41,0.777311,-1,-1,-1
70,23,1037,451,34,85,0.946945,-1,-1,-1
71,2,614,440,94,281,0.997406,-1,-1,-1
71,3,500,439,139,333,0.999381,-1,-1,-1
71,4,1000,441,41,106,0.991857,-1,-1,-1
71,5,1096,435,39,112,0.997035,-1,-1,-1
71,6,1258,443,37,101,0.992104,-1,-1,-1
71,8,927,435,39,110,0.974615,-1,-1,-1
71,10,1046,484,41,108,0.966680,-1,-1,-1
71,11,1083,484,35,112,0.972385,-1,-1,-1
71,12,688,452,77,228,0.996473,-1,-1,-1
71,14,479,458,38,110,0.929257,-1,-1,-1
71,17,1539,428,49,124,0.996794,-1,-1,-1
71,18,417,459,39,90,0.977774,-1,-1,-1
71,21,586,411,25,53,0.611160,-1,-1,-1
71,23,1039,449,35,89,0.942211,-1,-1,-1
72,2,614,438,95,282,0.997256,-1,-1,-1
72,3,500,434,139,337,0.999445,-1,-1,-1
72,4,998,440,38,107,0.993391,-1,-1,-1
72,5,1095,435,40,113,0.996576,-1,-1,-1
72,6,1259,444,38,99,0.992186,-1,-1,-1
72,8,927,435,40,110,0.975975,-1,-1,-1
72,10,1046,483,41,112,0.942920,-1,-1,-1
72,11,1083,484,34,112,0.977880,-1,-1,-1
72,12,692,454,69,227,0.996128,-1,-1,-1
72,14,474,459,37,110,0.983688,-1,-1,-1
72,17,1539,423,53,130,0.996210,-1,-1,-1
72,18,418,458,37,81,0.977171,-1,-1,-1
72,21,578,415,25,40,0.311160,-1,-1,-1
72,23,1040,448,35,88,0.920814,-1,-1,-1
73,2,616,441,88,285,0.997369,-1,-1,-1
73,3,508,437,135,334,0.999385,-1,-1,-1
73,4,999,440,40,109,0.992990,-1,-1,-1
73,5,1095,436,40,111,0.996454,-1,-1,-1
73,6,1258,444,37,99,0.992426,-1,-1,-1
73,8,928,435,39,107,0.967602,-1,-1,-1
73,10,1049,484,38,107,0.950975,-1,-1,-1
73,11,1084,483,34,112,0.987302,-1,-1,-1
73,12,703,455,67,222,0.996576,-1,-1,-1
73,14,473,463,35,106,0.975117,-1,-1,-1
73,17,1544,428,44,125,0.995387,-1,-1,-1
73,18,418,458,35,82,0.981759,-1,-1,-1
73,21,576,415,25,39,0.011160,-1,-1,-1
73,23,1040,448,34,87,0.930738,-1,-1,-1
74,2,616,440,90,287,0.997503,-1,-1,-1
74,3,511,437,134,331,0.999309,-1,-1,-1
74,4,999,442,41,106,0.990311,-1,-1,-1
74,5,1095,437,39,113,0.994941,-1,-1,-1
74,6,1258,445,37,99,0.994202,-1,-1,-1
74,8,926,434,40,116,0.970782,-1,-1,-1
74,10,1056,488,34,107,0.912758,-1,-1,-1
74,11,1083,486,35,113,0.988466,-1,-1,-1
74,12,701,458,67,225,0.996831,-1,-1,-1
74,14,473,459,36,111,0.976605,-1,-1,-1
74,17,1541,428,50,123,0.991670,-1,-1,-1
74,18,418,456,36,86,0.971762,-1,-1,-1
74,21,590,417,18,37,0.615638,-1,-1,-1
74,23,1042,451,33,87,0.899613,-1,-1,-1
75,2,616,439,88,289,0.997513,-1,-1,-1
75,3,513,434,127,334,0.999114,-1,-1,-1
75,4,999,441,40,104,0.991875,-1,-1,-1
75,5,1095,436,40,112,0.994946,-1,-1,-1
75,6,1258,446,37,97,0.994216,-1,-1,-1
75,8,926,434,41,113,0.973308,-1,-1,-1
75,10,1048,484,36,108,0.936056,-1,-1,-1
75,11,1083,484,37,112,0.989110,-1,-1,-1
75,12,701,456,69,225,0.997264,-1,-1,-1
75,14,469,461,38,105,0.979923,-1,-1,-1
75,17,1546,430,47,123,0.979186,-1,-1,-1
75,18,420,457,33,77,0.979391,-1,-1,-1
75,21,589,417,18,38,0.628883,-1,-1,-1
75,23,1043,449,35,87,0.843657,-1,-1,-1
75,25,490,455,35,112,0.000000,-1,-1,-1
76,2,615,443,91,286,0.995961,-1,-1,-1
76,3,515,440,128,329,0.998820,-1,-1,-1
76,4,999,443,40,102,0.992903,-1,-1,-1
76,5,1095,436,39,112,0.994790,-1,-1,-1
76,6,1259,446,37,97,0.994195,-1,-1,-1
76,8,927,435,39,109,0.970644,-1,-1,-1
76,10,1050,485,37,108,0.913490,-1,-1,-1
76,11,1083,485,36,112,0.985724,-1,-1,-1
76,12,703,456,70,215,0.995593,-1,-1,-1
76,14,469,460,37,106,0.962998,-1,-1,-1
76,17,1548,433,44,117,0.951898,-1,-1,-1
76,18,418,455,37,83,0.982021,-1,-1,-1
76,21,594,420,17,36,0.627753,-1,-1,-1
76,23,1043,449,32,89,0.909133,-1,-1,-1
76,25,489,454,37,115,0.951200,-1,-1,-1
77,2,617,441,89,287,0.996024,-1,-1,-1
77,3,518,435,123,333,0.997560,-1,-1,-1
77,4,999,444,40,110,0.995116,-1,-1,-1
77,5,1095,436,39,113,0.994921,-1,-1,-1
77,6,1259,446,37,97,0.995095,-1,-1,-1
77,8,927,435,40,113,0.976554,-1,-1,-1
77,10,1052,486,33,105,0.869325,-1,-1,-1
77,11,1084,484,35,112,0.979816,-1,-1,-1
77,12,702,456,70,227,0.996778,-1,-1,-1
77,14,467,461,36,101,0.954159,-1,-1,-1
77,17,1548,436,43,115,0.651898,-1,-1,-1
77,18,419,455,36,83,0.973331,-1,-1,-1
77,21,580,417,22,42,0.701135,-1,-1,-1
77,23,1046,452,30,86,0.887146,-1,-1,-1
77,25,495,456,31,109,0.897666,-1,-1,-1
78,2,609,445,94,284,0.995203,-1,-1,-1
78,3,533,442,109,329,0.997831,-1,-1,-1
78,4,1000,444,41,104,0.993451,-1,-1,-1
78,5,1096,437,39,109,0.994375,-1,-1,-1
78,6,1258,442,38,102,0.994734,-1,-1,-1
78,8,927,434,41,107,0.967602,-1,-1,-1
78,10,1047,454,30,116,0.937961,-1,-1,-1
78,11,1085,483,36,114,0.977779,-1,-1,-1
78,12,704,450,89,225,0.996350,-1,-1,-1
78,14,466,459,35,103,0.961658,-1,-1,-1
78,18,420,460,36,84,0.955995,-1,-1,-1
78,21,579,416,22,43,0.793076,-1,-1,-1
78,23,1046,450,30,88,0.737240,-1,-1,-1
78,25,495,455,31,106,0.914655,-1,-1,-1
79,2,614,442,90,284,0.990157,-1,-1,-1
79,3,536,441,107,334,0.998561,-1,-1,-1
79,4,999,445,41,106,0.993741,-1,-1,-1
79,5,1096,438,39,109,0.994461,-1,-1,-1
79,6,1259,444,36,100,0.994251,-1,-1,-1
79,8,928,435,40,108,0.978999,-1,-1,-1
79,10,1054,492,35,105,0.936301,-1,-1,-1
79,11,1085,482,36,114,0.973694,-1,-1,-1
79,12,707,458,83,220,0.997192,-1,-1,-1
79,14,465,461,36,100,0.964609,-1,-1,-1
79,18,421,459,37,85,0.965509,-1,-1,-1
79,21,579,417,23,43,0.790946,-1,-1,-1
79,23,1049,446,26,87,0.625784,-1,-1,-1
79,25,494,456,31,108,0.913792,-1,-1,-1
80,2,626,438,86,282,0.987912,-1,-1,-1
80,3,546,436,111,336,0.998451,-1,-1,-1
80,4,999,444,41,111,0.994155,-1,-1,-1
80,5,1096,437,39,110,0.994479,-1,-1,-1
80,6,1260,442,36,102,0.995089,-1,-1,-1
80,8,927,435,39,106,0.981749,-1,-1,-1
80,10,1054,483,35,107,0.946666,-1,-1,-1
80,11,1087,481,34,115,0.971917,-1,-1,-1
80,12,710,457,94,218,0.997354,-1,-1,-1
80,14,465,460,37,102,0.974969,-1,-1,-1
80,18,420,459,36,88,0.984933,-1,-1,-1
80,21,579,417,23,43,0.820939,-1,-1,-1
80,23,1050,438,27,92,0.480393,-1,-1,-1
80,25,494,455,32,108,0.941553,-1,-1,-1
81,2,624,438,86,294,0.983982,-1,-1,-1
81,3,540,438,112,335,0.998124,-1,-1,-1
81,4,1000,444,41,106,0.994579,-1,-1,-1
81,5,1096,436,39,109,0.994848,-1,-1,-1
81,6,1259,444,36,101,0.994627,-1,-1,-1
81,8,927,434,40,105,0.976524,-1,-1,-1
81,10,1052,482,38,107,0.988138,-1,-1,-1
81,11,1083,482,35,115,0.978860,-1,-1,-1
81,12,709,457,92,220,0.995756,-1,-1,-1
81,14,465,460,37,104,0.971973,-1,-1,-1
81,18,420,458,38,95,0.975328,-1,-1,-1
81,21,577,418,22,45,0.950460,-1,-1,-1
81,23,1050,436,27,89,0.666285,-1,-1,-1
81,25,494,455,32,108,0.911627,-1,-1,-1
82,2,624,439,89,291,0.984593,-1,-1,-1
82,3,544,439,113,337,0.997743,-1,-1,-1
82,4,1000,444,40,106,0.994721,-1,-1,-1
82,5,1097,437,38,109,0.994134,-1,-1,-1
82,6,1259,445,37,99,0.995051,-1,-1,-1
82,8,927,434,41,119,0.968381,-1,-1,-1
82,10,1052,480,37,108,0.964805,-1,-1,-1
82,11,1085,480,34,115,0.984962,-1,-1,-1
82,12,712,458,93,220,0.996078,-1,-1,-1
82,14,463,464,37,94,0.975283,-1,-1,-1
82,18,424,455,36,97,0.972220,-1,-1,-1
82,21,580,416,23,47,0.811024,-1,-1,-1
82,23,1053,435,27,85,0.366285,-1,-1,-1
82,25,494,455,32,106,0.926777,-1,-1,-1
83,2,624,439,92,294,0.985204,-1,-1,-1
83,3,559,444,96,333,0.997541,-1,-1,-1
83,4,1002,443,39,106,0.995098,-1,-1,-1
83,5,1096,436,39,112,0.995322,-1,-1,-1
83,6,1260,441,36,102,0.995960,-1,-1,-1
83,8,927,434,41,111,0.979252,-1,-1,-1
83,10,1052,485,31,104,0.987760,-1,-1,-1
83,11,1085,487,32,109,0.991179,-1,-1,-1
83,12,716,460,88,219,0.996279,-1,-1,-1
83,14,465,463,35,95,0.978489,-1,-1,-1
83,18,423,459,36,90,0.946174,-1,-1,-1
83,21,581,415,23,47,0.811024,-1,-1,-1
83,25,517,444,93,304,0.943694,-1,-1,-1
84,2,626,438,91,292,0.985659,-1,-1,-1
84,3,537,439,119,339,0.997363,-1,-1,-1
84,4,1002,444,39,109,0.994107,-1,-1,-1
84,5,1096,435,40,111,0.994984,-1,-1,-1
84,6,1260,445,36,99,0.996589,-1,-1,-1
84,8,927,434,41,111,0.963178,-1,-1,-1
84,10,1051,475,40,114,0.980002,-1,-1,-1
84,11,1089,481,34,116,0.979803,-1,-1,-1
84,12,718,460,87,220,0.997094,-1,-1,-1
84,14,463,463,37,99,0.961334,-1,-1,-1
84,18,424,460,35,91,0.960768,-1,-1,-1
84,21,581,417,22,46,0.752129,-1,-1,-1
84,25,515,444,99,311,0.958390,-1,-1,-1
84,26,494,456,31,97,0.000000,-1,-1,-1
85,2,625,440,91,292,0.989398,-1,-1,-1
85,3,552,442,108,342,0.997046,-1,-1,-1
85,4,1000,443,42,108,0.991633,-1,-1,-1
85,5,1095,438,40,107,0.991775,-1,-1,-1
85,6,1260,445,36,99,0.995687,-1,-1,-1
85,8,927,433,41,114,0.974353,-1,-1,-1
85,10,1051,480,34,105,0.990444,-1,-1,-1
85,11,1084,484,34,111,0.982901,-1,-1,-1
85,12,718,455,85,224,0.997868,-1,-1,-1
85,14,465,465,35,90,0.965296,-1,-1,-1
85,18,425,463,35,89,0.975392,-1,-1,-1
85,21,580,417,20,48,0.831366,-1,-1,-1
85,25,518,443,94,310,0.975998,-1,-1,-1
85,26,492,455,32,102,0.929701,-1,-1,-1
86,2,627,439,94,296,0.994405,-1,-1,-1
86,3,551,439,110,341,0.997030,-1,-1,-1
86,4,1001,444,40,106,0.990041,-1,-1,-1
86,5,1095,438,41,111,0.994733,-1,-1,-1
86,6,1260,443,35,101,0.994732,-1,-1,-1
86,8,927,435,41,111,0.959361,-1,-1,-1
86,10,1050,473,37,115,0.988871,-1,-1,-1
86,11,1086,485,35,111,0.976981,-1,-1,-1
86,12,721,453,87,227,0.998300,-1,-1,-1
86,14,463,463,35,97,0.978554,-1,-1,-1
86,18,425,461,38,94,0.983310,-1,-1,-1
86,21,579,417,21,48,0.902012,-1,-1,-1
86,25,517,445,98,311,0.938997,-1,-1,-1
86,26,490,454,34,112,0.957285,-1,-1,-1
87,2,623,441,97,297,0.993802,-1,-1,-1
87,3,548,440,113,340,0.996936,-1,-1,-1
87,4,1000,442,41,108,0.991099,-1,-1,-1
87,5,1097,439,38,108,0.990441,-1,-1,-1
87,6,1260,443,36,100,0.995860,-1,-1,-1
87,8,923,433,45,122,0.970354,-1,-1,-1
87,10,1049,478,38,112,0.991263,-1,-1,-1
87,11,1083,484,31,112,0.982726,-1,-1,-1
87,12,721,453,87,226,0.998178,-1,-1,-1
87,14,463,465,36,101,0.951755,-1,-1,-1
87,18,424,458,38,96,0.974328,-1,-1,-1
87,21,579,419,19,44,0.937650,-1,-1,-1
87,25,515,444,99,308,0.952410,-1,-1,-1
87,26,491,455,33,104,0.940196,-1,-1,-1
