000000
000001
000002
000004
000006
000008
000013
000014
000016
000018
000021
000022
004005
004006
004008
004011
004012
004014
004015
004017
004018
004019
004021
002276
002277
002280
002281
002284
002285
002287
002296
002300
006193
006194
006195
006198
006199
006200
006201
006206
006207
006209
006211
006212
006214
006216
006219
006221
006222
006223
001084
001086
001088
001090
001091
001100
001103
000023
000103
000203
000255
000296
000315
000385
000412
005193
005194
005196
005197
005198
005199
005200
005202
005203
005205
005212
005218
005219
005223
005224
005225
005226
005227
003220
003221
003225
003226
003227
003228
003240
003243
006739
006741
006742
006747
006748
006749
006750
006752
006753
006756
006758
006760
001769
001772
001773
001777
001778
001779
001780
001781
001782
001783
001784
001787
001789
001793
000796
000797
000801
000803
000806
000807
000808
000809
000810
000812
000817
000818
004555
004557
004559
004564
004565
004566
004573
004575
004576
005629
005630
005632
005636
005637
005638
005641
005643
005644
005647
005653
005654
005657
005659
005661
005662
003674
003675
003676
003677
003678
003680
003682
003685
003686
003691
003692
003699
003700
003703
002701
002707
002710
002715
002718
002720
000414
000415
000418
000424
000426
000428
000430
000431
000434
000435
000436
000438
004970
004971
004973
004974
004976
004979
004980
004982
004988
004990
004994
004995
004997
004998
005001
005003
006434
006435
006436
006438
006442
006446
006448
006449
006450
006451
001468
001470
001471
001472
001473
001474
001476
001477
001480
001482
001483
001487
001494
001497
001501
001502
007145
007149
007150
007153
007154
007155
007156
007159
007160
007166
007167
007169
007171
007172
007173
001974
001975
001976
001983
001984
001985
001994
001996
001997
001998
001999
002004
002008
004217
004218
004219
004222
004224
004225
004228
004230
004231
004233
004236
004237
004238
004239
004241
004242
004244
004245
005938
005939
005941
005943
005944
005946
005947
005949
005950
005951
005953
005954
005955
005957
005958
005959
005961
005964
005966
005967
005969
005367
005371
005374
005376
005377
005379
005381
005382
005383
005385
005386
005389
005390
005394
005395
005397
005402
002475
002476
002478
002481
002482
002483
002485
002488
002490
002493
003446
003448
003449
003450
003451
003453
003456
003459
003461
003463
003467
003469
003474
003476
000953
000955
000957
000959
000960
000965
000966
000968
000969
000972
000973
000976
000979
000980
000982
000984
000205
000207
000211
000212
000213
000214
000223
000224
000226
000227
000228
000230
000232
000233
000598
000599
000601
000602
000604
000607
000608
000611
000612
000613
000616
000618
000619
006946
006949
006951
006952
006955
006958
006964
006968
006971
006972
004741
004744
004746
004749
004750
004755
004760
004761
004762
004763
004764
004765
004768
004771
003827
003828
003830
003831
003837
003838
003841
003844
003848
003849
003851
003854
003858
003859
003860
002945
002948
002949
002951
002952
002956
002957
002958
002962
002967
002968
002969
007277
007278
007280
007285
007287
007289
007290
007291
007293
007294
007295
007297
007298
007299
006566
006568
006571
006572
006574
006575
006576
006579
006583
006585
006586
006587
006588
006589
006592
006594
006596
006597
006598
006599
001280
001281
001282
001283
001284
001288
001290
001294
001297
001298
001299
001300
001304
002132
002136
002137
002138
002143
002144
002146
002147
002150
004357
004360
004364
004365
004367
004369
004370
004372
004373
004374
004376
004377
004378
004380
003705
003789
003887
003914
003941
004121
004165
004191
004246
004298
004356
004432
005765
005766
005767
005768
005769
005775
005777
005778
005780
005781
005784
005785
005787
005788
001633
001635
001638
001641
001642
001643
001647
001649
001650
001652
001653
001654
001655
001657
001659
001660
001661
001662
001664
001665
001666
005097
005098
005099
005100
005101
005103
005106
005107
005109
005113
005116
006311
006315
006317
006318
006319
006320
006322
006325
006327
006328
006330
006331
006332
006333
006337
006338
006339
001878
001880
001881
001882
001885
001886
001887
001892
001894
001895
001897
001899
001900
006093
006094
006096
006097
006098
006100
006103
006104
006105
006110
006113
006115
006116
006117
006120
006121
004122
004125
004128
004129
004130
004132
004133
004135
004136
004142
002569
002582
002585
002586
002589
002590
002591
002593
002594
002596
003326
003330
003331
003333
003337
003339
003342
003588
003591
003592
003593
003594
003595
003596
003597
003600
003601
003602
003603
003604
003606
003607
003608
003610
003611
003613
003616
003618
002380
002381
002389
002390
002391
002395
002396
002398
002399
005274
005276
005280
005282
005283
005284
005286
005288
005289
005292
005293
005295
005296
005512
005515
005519
005522
005524
005526
005527
005531
005535
005536
005538
005539
005540
003066
003067
003072
003077
003078
003080
003082
003083
003085
003086
003087
003089
003090
003092
003094
003095
003097
006857
006859
006861
006864
006865
006866
006869
006871
006873
000893
000895
000896
000897
000898
000899
000900
000901
000905
000907
000910
000912
000913
000918
000922
000691
000693
000694
000695
000696
000698
000699
000701
000703
000704
000707
000709
000710
000711
000712
000278
000279
000281
000283
000288
000291
000293
000294
000295
003756
003758
003761
003762
003764
003766
003768
003769
003770
003772
003774
003775
003777
003779
003782
003784
003786
003787
004852
004853
004854
004856
004861
004863
004865
004866
004868
004869
004871
004873
004874
004877
004878
004879
004882
004883
004886
004888
007370
007372
007374
007376
007377
007382
007383
007386
007387
007392
007393
000105
000109
000112
000114
000117
000119
000121
000122
000123
000125
000126
000128
000129
000130
000514
000519
000523
000528
000531
000532
000534
002806
002809
002812
002813
002815
002819
002822
002824
002825
002826
002827
002829
002833
002834
002835
007057
007058
007059
007062
007066
007069
007070
007072
007073
007074
007075
007076
004637
004638
004639
004640
004641
004642
004643
004647
004650
004651
004653
004654
004655
004656
001213
001215
001217
001219
001220
001221
001222
001224
001231
001234
001235
001395
001397
001399
001400
001404
001406
001409
001411
001412
001413
001415
001416
001422
001423
001424
001425
001426
001427
004461
004464
004465
004466
004468
004470
004472
004479
004480
004483
004484
004488
005870
005871
005873
005876
005878
005879
005880
005882
005883
005884
005886
005887
005890
005891
005894
005895
005899
003888
003889
003894
003895
003896
003897
003898
003899
003900
003901
003904
003905
003906
003907
003908
003911
003913
003405
003407
003408
003410
003411
003412
003414
003416
003417
003420
003421
003422
003423
001567
001570
001571
001573
001574
001575
001578
001580
001582
001583
001584
001585
001589
001591
001592
001593
002208
002213
002216
002221
002222
002226
002227
002229
002232
002233
002234
002235
002237
002238
002239
002240
006632
006638
006639
006642
006644
006645
006647
006650
006651
006654
007212
007214
007215
007218
007219
007221
007222
007224
007228
007229
007230
007231
007233
007235
007237
007244
005541
005567
005596
005628
005825
005869
005904
005937
005970
006000
006027
006169
006224
006265
006289
006310
006342
006370
006431
006473
006267
006269
006270
006271
006273
006278
006280
006281
006282
006283
006285
003140
003144
003150
003152
003153
003155
003160
003161
001821
001849
001874
001902
002039
002131
002152
002171
002376
002400
002424
002447
002494
002598
002671
002069
002075
002081
002087
002088
002089
002093
005699
005701
005702
005708
005711
005716
005720
005721
005723
005724
005726
006002
006005
006010
006011
006013
006014
006016
006020
006021
006022
006023
006025
006026
001011
001014
001016
001017
001019
001027
001029
001030
001031
001720
001721
001724
001725
001728
001731
001733
001739
001740
006509
006512
006514
006517
006518
006519
006520
006521
006525
006527
006529
006530
006531
006534
004279
004280
004284
004285
004286
004290
004293
004058
004059
004060
004062
004063
004066
004067
004068
004073
004075
004077
004079
004081
004085
005145
005146
005147
005148
005152
005153
005154
005155
005156
005157
005158
005161
005165
005167
005169
000359
000362
000365
000367
000368
000371
000372
000373
000379
000380
000381
000382
002633
002639
002642
002645
002647
002651
002652
002654
002656
002657
002658
002659
002660
002662
002663
002666
002668
002670
001825
001827
001829
001830
001831
001834
001835
001836
001838
001839
001842
001843
001846
001848
003510
003512
003513
003517
003518
003520
003521
003524
003525
003526
003529
003533
003537
003539
003540
003543
003544
006814
006816
006817
006819
006829
006830
006833
006835
006837
006841
006843
006845
006849
002515
002516
002518
002521
002522
002525
002528
002529
002532
002533
005028
005030
005031
005035
005036
005037
005038
005041
005045
005049
005050
005052
005059
005061
004411
004416
004418
004420
004423
004424
004426
004427
004428
004431
005569
005575
005576
005577
005578
005580
005581
005582
005583
005584
005585
005586
005588
005589
005591
005593
005594
005595
006371
006372
006373
006377
006379
006380
006383
006386
006388
006390
006392
006397
006398
006404
006405
006406
004800
004806
004807
004808
004811
004812
004814
004815
004816
004817
004818
004822
004823
004826
004827
002428
002429
002430
002431
002432
002434
002435
002438
002439
002442
002443
002444
002445
003004
003005
003007
003012
003013
003016
003021
003024
003029
003030
003032
003033
003034
002323
002324
002325
002327
002329
002331
002334
002335
002337
002339
002340
002342
003275
003277
003279
003280
003283
003284
003287
003288
003289
003292
003297
002750
002759
002760
002762
002763
002766
002767
002769
002770
002773
002774
002776
006151
006152
006156
006158
006159
006161
006163
006165
006166
006167
006168
002863
002865
002867
002868
002869
002873
002875
002877
002878
002879
002880
002881
002882
002883
002884
002886
002887
002891
002893
002895
002897
002898
002899
000163
000165
000167
000171
000172
000173
000175
000176
000178
003621
003623
003624
003627
003630
003633
003634
003635
003636
003638
003639
003642
003643
003645
007431
007433
007436
007437
007439
007446
007447
007448
007453
007455
000049
000051
000056
000057
000058
000061
000066
000067
000068
000069
000070
001336
001344
001345
001348
001353
001358
001360
001362
001368
001369
001370
001371
004919
004920
004921
004923
004925
004928
004932
004934
004936
004939
004940
004942
004943
006996
007000
007002
007003
007005
007006
007009
007010
007013
007020
007021
000737
000738
000742
000744
000746
000747
000748
000754
000755
000759
000760
000761
000845
000851
000854
000856
000859
000862
000864
000865
000866
004171
004174
004175
004176
004178
004180
004181
004183
004184
004187
004188
004189
005439
005441
005445
005449
005456
005458
005459
005461
005462
005465
005466
005470
005471
005473
003369
003370
003371
003375
003376
003378
003379
003382
003386
003394
003395
003399
003400
003402
007099
007101
007103
007104
007106
007108
007110
007111
007113
007115
003943
003945
003946
003947
003948
003953
003954
003956
003957
003959
003961
003965
003966
003967
006897
006900
006904
006905
006909
006911
006912
006913
006916
006919
004691
004693
004695
004698
004699
004700
004703
004704
004705
004706
004710
004711
004713
004714
007332
007336
007337
007338
007340
007343
007345
007349
007351
007354
007355
007358
007362
003709
003714
003724
003725
003726
003727
003730
003731
004513
004516
004520
004521
004522
004523
004527
004528
004530
000560
000561
000563
000565
000567
000568
000570
000574
000576
005231
005236
005237
005241
005243
005244
005245
005248
005249
005251
001670
001673
001674
001675
001683
001684
001685
001932
001938
001939
001940
001941
001945
001946
001948
001949
001951
001529
001530
001531
001532
001535
001537
001539
001540
001544
001547
001548
001551
001552
001554
001557
001561
001562
001563
005323
005324
005326
005329
005330
005331
005333
005335
005338
005340
005342
005344
006684
006685
006686
006687
006688
006690
006693
006695
006696
006700
006701
006705
006706
006710
000463
000464
000465
000467
000468
000470
000471
000472
000473
000474
000476
000478
000480
000481
000484
000485
000488
000489
001161
001166
001167
001169
001170
001173
001174
001175
001176
001179
001182
001186
001187
005828
005829
005835
005841
005842
005847
005848
004600
004605
004608
004611
004617
004618
004620
004622
004624
004627
004628
004629
004632
004633
004634
006050
006052
006053
006056
006057
006060
006062
006066
005665
005672
005675
005676
005678
005679
005682
005683
005684
005686
005687
005690
005694
005695
003185
003188
003189
003191
003193
003198
003199
003200
003202
003205
003206
003208
003209
003211
003213
003215
003217
003103
003104
003105
003110
003115
003117
003119
002016
002017
002019
002020
002022
002023
002027
002028
002031
002033
002034
002037
000645
000646
000648
000649
000651
000653
000654
000659
000660
000662
002172
002174
002176
002178
002181
002184
002186
002188
002192
002193
002194
002198
002199
002200
002203
002204
002836
002862
002901
003063
003120
003163
003218
003324
003403
003444
003478
003545
003584
003620
001768
003670
004554
006507
002601
002603
002610
002611
002612
002614
002615
002617
002618
002620
002621
002624
002628
002629
002630
001241
001242
001245
001246
001247
001249
001250
001253
001254
001256
007176
007177
007178
007182
007186
007188
007190
007191
007193
007194
007195
007199
007203
007207
007208
006535
006565
006656
006711
006812
006850
006874
006896
006945
007056
007077
007098
007120
007140
007175
007302
007430
007456
002902
002905
002906
002908
002911
002912
002914
002916
002917
002920
002921
003546
003549
003553
003554
003555
003557
003559
003560
003564
003565
003566
003569
003571
003573
003575
003576
003578
003581
006783
006784
006788
006792
006793
006795
006797
006798
006799
006801
006802
006803
006804
006805
006806
006808
006809
006810
001430
001432
001434
001437
001439
001440
001441
001444
001445
001450
001452
001456
001460
001461
001462
001463
004319
004322
004323
004324
004326
004333
004335
004337
004341
004345
004346
004347
004348
004350
004354
004355
000928
000930
000931
000933
000934
000936
000940
000941
000943
000944
000945
000946
000947
000949
002244
002246
002248
002249
002252
002253
002254
002255
002256
002257
002264
002265
002267
002268
002273
005971
005972
005975
005976
005977
005978
005979
005980
005982
005984
005985
005987
005988
005989
005992
005993
005994
005996
005999
001052
001053
001055
001057
001063
001065
001067
001073
001074
001077
001078
001079
002099
002101
002102
002103
002104
002105
002107
002108
002112
002113
002115
002117
002118
002119
002120
002121
002122
002127
002128
006477
006479
006480
006481
006482
006483
006487
006491
006493
006494
006495
006502
006504
006505
006506
000237
000240
000241
000242
000243
000244
000245
000250
000254
000952
001010
001051
001258
001279
001305
001335
001372
001394
001429
001465
001566
001596
001630
001691
001717
006602
006604
006607
006611
006612
006614
006615
006618
006619
006620
006621
006622
006626
006627
006628
006629
006630
003790
003792
003794
003796
003797
003799
003800
003801
003802
003803
003809
003811
003814
003816
003817
003818
003819
003822
003825
000318
000320
000321
000322
000323
000324
000327
000330
000331
000335
007250
007251
007253
007256
007258
007259
007260
007261
007263
007266
007267
007268
007269
007270
007271
007272
005068
005069
005072
005078
005079
005080
005084
005085
005090
004658
004716
004739
004773
004798
004828
004889
004967
005004
005027
005093
005192
005252
005271
005403
005438
005912
005914
005915
005916
005917
005918
005919
005921
005922
005924
005928
005930
005931
005932
005934
003862
003863
003864
003873
003874
003875
003884
003885
001129
001130
001134
001135
001141
001144
001146
001147
001149
001153
001154
001155
001156
002672
002675
002676
002677
002680
002682
002685
002686
002687
002689
002693
002695
002696
006227
006228
006229
006231
006234
006239
006242
005409
005410
005412
005413
005414
005415
005416
005417
005419
005421
005422
005425
005429
005432
005436
005437
001598
001599
001601
001608
001611
001613
001614
001617
001619
001620
001626
001627
001629
005729
005733
005735
005736
005737
005741
005744
005745
005746
005749
005750
005753
005756
005757
005759
005760
005762
006411
006415
006416
006417
006425
006429
005005
005006
005007
005014
005015
005016
005017
005020
005022
005024
005026
007024
007025
007027
007028
007033
007035
007036
007037
007039
007040
007042
007046
007047
007049
007051
007052
007053
007054
006343
006346
006347
006349
006350
006351
006352
006353
006354
006357
006359
006360
006361
006364
006365
006368
006369
004030
004031
004034
004035
004038
004042
004045
004048
004049
004050
004051
004052
004053
004054
005544
005546
005549
005550
005553
005556
005559
005563
004660
004662
004664
004666
004667
004672
004674
004676
004677
004678
004679
004688
004091
004092
004093
004094
004095
004099
004102
004103
004112
004114
004115
004116
006538
006540
006541
006542
006546
006547
006548
006550
006552
006559
006560
005477
005478
005481
005485
005489
005490
005493
005494
005496
005500
005502
005504
004247
004251
004252
004253
004257
004258
004261
004267
002837
002840
002844
002845
002846
002849
002853
002854
002855
002857
002858
002859
002860
000767
000769
000770
000774
000775
000776
000777
000778
000780
000781
000783
000784
000785
000788
000789
000790
000791
004890
004892
004893
004894
004898
004900
004901
004903
004904
004905
004906
004908
004910
004911
004912
004913
004915
004916
004917
000986
000987
000988
000990
000991
000992
000997
000998
001000
001001
001002
001003
001004
004829
004830
004831
004833
004834
004835
004837
004841
004844
004846
004847
004848
004849
003481
003482
003483
003486
003491
003494
003495
003496
003497
003498
003502
003503
003506
004776
004777
004779
004780
004781
004782
004785
004786
004787
004795
004797
001310
001311
001315
001323
001325
001327
001328
001331
001332
001334
001505
001508
001509
001511
001516
001519
001521
001524
001527
000388
000390
000392
000393
000394
000395
000396
000397
000398
000399
000402
000403
000405
000408
001374
001375
001376
001377
001379
001380
001384
001385
001386
001387
001389
001391
001393
000136
000139
000141
000144
000145
000149
000152
000153
000155
000156
000157
002779
002780
002782
002783
002785
002786
002787
002789
002790
002791
002797
002798
002801
000075
000077
000079
000081
000082
000084
000086
000088
000089
000092
000096
000101
001748
001750
001752
001753
001754
001758
001761
001762
007457
007460
007461
007465
007467
007470
007472
007474
007476
007478
007479
007480
006124
006125
006126
006128
006131
006132
006135
006137
006138
006139
006140
006141
006142
006146
006147
003733
003734
003736
003737
003738
003744
003746
003747
003748
003751
003752
003754
002449
002450
002453
002454
002455
002456
002462
002465
002467
002468
002469
002471
003649
003654
003658
003662
003665
003666
003667
007397
007400
007403
007405
007407
007408
007411
007413
007416
007417
007418
007423
007424
007425
007426
007427
001189
001190
001196
001200
001202
001203
001204
001205
001206
001208
001210
001903
001907
001908
001911
001913
001916
001917
001919
001923
001924
001926
001927
001929
004385
004387
004389
004390
004391
004393
004395
004399
004400
004401
004402
004405
004407
001850
001852
001854
001856
001860
001864
001866
001868
001869
001871
005597
005598
005600
005601
005602
005609
005610
005611
005614
005615
005616
005618
005622
005625
005627
003038
003041
003043
003044
003045
003046
003049
003052
003053
003059
003060
003061
003062
003969
003970
003972
003974
003975
003977
003978
003979
003981
003982
003984
003985
003986
003987
003990
003993
003997
005791
005793
005795
005800
005803
005804
005805
005806
005808
005809
005817
005818
005820
005821
005822
005823
002302
002307
002308
002312
002313
002316
002317
002320
002321
006976
006977
006981
006983
006984
006987
006988
006990
006992
006993
006994
000820
000821
000825
000827
000828
000831
000834
000835
000839
000841
002974
002975
002976
002978
002979
002983
002984
002993
002994
002996
003000
003001
004434
004435
004437
004438
004439
004441
004448
004449
004451
004452
004453
004455
004456
004458
002350
002352
002353
002354
002355
002357
002358
002359
002360
002361
002366
002367
002371
002373
002374
002375
003247
003251
003254
003258
003261
003263
003267
003269
003271
005119
005120
005121
005122
005124
005127
005129
005131
005134
005137
005140
005141
005142
006076
006077
006082
006089
006090
006091
002538
002539
002541
002542
002543
002544
002545
002547
002550
002553
002554
002557
006291
006292
006294
006296
006297
006298
006299
006301
006302
006304
006306
006307
006308
001796
001797
001801
001802
001804
001805
001806
001807
001808
001809
001811
001813
001815
001818
001820
003164
003165
003167
003168
003170
003171
003174
003175
003176
003177
007303
007304
007305
007308
007310
007311
007315
007316
007317
007320
007322
007325
007327
003916
003918
003920
003921
003922
003926
003927
003928
003929
003930
003933
003934
003938
003940
006657
006659
006660
006661
006662
006664
006666
006673
006674
006675
006676
006677
006679
005171
005175
005178
005181
005183
005185
005186
005187
005189
005190
002040
002043
002048
002050
002051
002053
002055
002056
002057
002058
002059
002060
002061
002064
006029
006030
006031
006034
006035
006036
006042
006043
006044
006046
003308
003309
003310
003311
003313
003315
003317
003321
002402
002403
002404
002405
002410
002411
002413
002414
002416
002417
002419
002422
002423
000491
000498
000499
000504
000505
000507
000508
000509
000510
000512
000621
000623
000624
000625
000627
000629
000630
000633
000639
005299
005300
005301
005302
005304
005306
005308
005311
005314
005315
005317
005319
002727
002730
002732
002734
002735
002736
002737
002739
002741
002743
002744
002745
002746
000666
000670
000671
000672
000673
000677
000678
000680
000681
000682
000686
000687
006712
006713
006714
006715
006718
006720
006721
006722
006725
006730
006731
006734
006737
004491
004492
004493
004494
004496
004497
004501
004507
004508
004509
004510
004717
004723
004724
004725
004727
004728
004731
004732
004733
004734
001692
001694
001698
001699
001700
001703
001707
001709
001710
001711
001712
001715
000714
000717
000719
000721
000722
000723
000726
000729
000730
000732
000734
006876
006877
006880
006881
006882
006886
006887
006890
006891
000180
000181
000182
000185
000187
000188
000193
000195
000198
000199
000201
000202
004192
004194
004196
004199
004200
004201
004203
004205
004206
004208
004210
004211
004213
000872
000875
000878
000879
000882
000883
000884
000885
000889
006171
006172
006177
006179
006181
006182
006183
006186
006187
006188
006189
000441
000443
000444
000445
000446
000450
000454
000455
000456
000458
000459
000460
000461
007121
007123
007124
007125
007126
007127
007130
007132
007134
000026
000028
000030
000032
000034
000036
000039
000041
000044
004946
004948
004949
004951
004953
004956
004958
004961
004962
004965
004966
006763
006767
006769
006771
006774
006775
006776
006777
006926
006927
006929
006930
006932
006934
006935
006938
006941
006942
005852
005853
005854
005856
005857
005859
005860
005862
005863
005865
005866
005867
005868
004535
004538
004540
004541
004545
004546
004548
004551
004552
004580
004583
004589
004590
004593
004594
004597
004598
001033
001034
001035
001036
001037
001040
001044
001045
001048
001050
000540
000541
000544
000545
000549
000552
000553
004146
004147
004154
004158
004159
004160
004161
005346
005347
005348
005349
005351
005354
005356
005357
005358
005359
005362
005363
001259
001260
001262
001268
001271
001274
001276
001277
001953
001957
001958
001963
001969
007078
007079
007081
007082
007084
007085
007086
007089
007090
007093
000337
000340
000343
000346
000347
000353
000355
001105
001107
001108
001109
001110
001113
001115
001116
001118
001120
001123
001124
001126
003346
003347
003348
003349
003350
003351
003354
003357
003360
003364
002928
002929
002932
002934
002940
002941
006456
006457
006458
006462
006464
006468
006471
006472
006245
006247
006249
006252
006253
006255
006256
006258
006261
003427
003428
003431
003432
003433
003437
003439
003442
005253
005264
005265
005268
005269
005270
003121
003122
003123
003125
003126
003127
003128
003130
003134
003136
000263
000264
000266
000268
000272
000273
000274
000298
000299
000302
000305
000307
000309
000311
000312
000313
000314
000536
000556
000577
000620
000689
000735
000766
000870
000891
002497
002498
002499
002501
002503
002504
002509
002510
002511
002512
002513
004299
004301
004302
004304
004305
004308
004311
004312
004313
004314
004317
000580
000581
000583
000584
000587
000588
000590
000592
000593
002153
002154
002159
002162
002163
002165
002167
002168
002169
002170
